-1.771899999999999977e+02
-1.715600000000000023e+02
-1.659399999999999977e+02
-1.603100000000000023e+02
-1.546899999999999977e+02
-1.490600000000000023e+02
-1.434399999999999977e+02
-1.378100000000000023e+02
-1.321899999999999977e+02
-1.265600000000000023e+02
-1.209399999999999977e+02
-1.153100000000000023e+02
-1.096899999999999977e+02
-1.040600000000000023e+02
-9.843800000000000239e+01
-9.281199999999999761e+01
-8.718800000000000239e+01
-8.156199999999999761e+01
-7.593800000000000239e+01
-7.031199999999999761e+01
-6.468800000000000239e+01
-5.906199999999999761e+01
-5.343800000000000239e+01
-4.781199999999999761e+01
-4.218800000000000239e+01
-3.656199999999999761e+01
-3.093799999999999883e+01
-2.531200000000000117e+01
-1.968799999999999883e+01
-1.406199999999999939e+01
-8.437500000000000000e+00
-2.812500000000000000e+00
2.812500000000000000e+00
8.437500000000000000e+00
1.406199999999999939e+01
1.968799999999999883e+01
2.531200000000000117e+01
3.093799999999999883e+01
3.656199999999999761e+01
4.218800000000000239e+01
4.781199999999999761e+01
5.343800000000000239e+01
5.906199999999999761e+01
6.468800000000000239e+01
7.031199999999999761e+01
7.593800000000000239e+01
8.156199999999999761e+01
8.718800000000000239e+01
9.281199999999999761e+01
9.843800000000000239e+01
1.040600000000000023e+02
1.096899999999999977e+02
1.153100000000000023e+02
1.209399999999999977e+02
1.265600000000000023e+02
1.321899999999999977e+02
1.378100000000000023e+02
1.434399999999999977e+02
1.490600000000000023e+02
1.546899999999999977e+02
1.603100000000000023e+02
1.659399999999999977e+02
1.715600000000000023e+02
1.771899999999999977e+02
