2.524143057665383367e+03 2.524143057665383367e+03 2.524143057665383367e+03 2.524143057665383367e+03 2.524143057665383367e+03 2.524143057665383367e+03 2.524143057665383367e+03 2.524143057665383367e+03 2.524143057665383367e+03 2.524143057665383367e+03 2.524143057665383367e+03 2.524143057665383367e+03 2.524143057665383367e+03 2.524143057665383367e+03 2.524143057665383367e+03 2.524143057665383367e+03 2.524143057665383367e+03 2.524143057665383367e+03 2.524143057665383367e+03 2.524143057665383367e+03 2.524143057665383367e+03 2.524143057665383367e+03 2.524143057665383367e+03 2.524143057665383367e+03 2.524143057665383367e+03 2.524143057665383367e+03 2.524143057665383367e+03 2.524143057665383367e+03 2.524143057665383367e+03 2.524143057665383367e+03 2.524143057665383367e+03 2.524143057665383367e+03 2.524143057665383367e+03 2.524143057665383367e+03 2.524143057665383367e+03 2.524143057665383367e+03 2.524143057665383367e+03 2.524143057665383367e+03 2.524143057665383367e+03 2.524143057665383367e+03 2.524143057665383367e+03 2.524143057665383367e+03 2.524143057665383367e+03 2.524143057665383367e+03 2.524143057665383367e+03 2.524143057665383367e+03 2.524143057665383367e+03 2.524143057665383367e+03 2.524143057665383367e+03 2.524143057665383367e+03 2.524143057665383367e+03 2.524143057665383367e+03 2.524143057665383367e+03 2.524143057665383367e+03 2.524143057665383367e+03 2.524143057665383367e+03 2.524143057665383367e+03 2.524143057665383367e+03 2.524143057665383367e+03 2.524143057665383367e+03 2.524143057665383367e+03 2.524143057665383367e+03 2.524143057665383367e+03 2.524143057665383367e+03
2.314932056732460296e+03 2.314956813497654821e+03 2.314956201561991747e+03 2.314968638254705183e+03 2.314904858780391805e+03 2.314841441921608293e+03 2.314866441451157698e+03 2.314841318745598983e+03 2.314828147920200536e+03 2.314766317601840910e+03 2.314754243524658250e+03 2.314704610612425313e+03 2.314654733903283159e+03 2.314616808505601966e+03 2.314566806274603550e+03 2.314516075428665772e+03 2.314490952723107057e+03 2.314452655245048845e+03 2.314439606616672791e+03 2.314439603855061250e+03 2.314488994719095899e+03 2.314526188177003860e+03 2.314550698946899956e+03 2.314549967007127179e+03 2.314637529258664472e+03 2.314724356192027699e+03 2.314760943800717541e+03 2.314848506052255289e+03 2.314910579604301802e+03 2.314935090374197898e+03 2.315009603375092411e+03 2.315009603375092411e+03 2.315021677452275526e+03 2.315058265060965823e+03 2.315058265060965823e+03 2.315083876526177846e+03 2.315083513910647525e+03 2.315071439833464865e+03 2.315108636052984366e+03 2.315122051243991336e+03 2.315084125846310144e+03 2.315084131932755554e+03 2.315072791988257904e+03 2.315060355295544923e+03 2.315073161312500361e+03 2.315048650542604264e+03 2.315049625093797658e+03 2.315050968400534657e+03 2.315052312275970053e+03 2.315053655019484722e+03 2.315067678821320897e+03 2.315094138747171201e+03 2.315119381456840074e+03 2.315120352683200053e+03 2.315045835735204946e+03 2.315008519517052264e+03 2.314983762751857284e+03 2.314970956734901847e+03 2.314933763276993886e+03 2.314920225888964524e+03 2.314919982092054852e+03 2.314919982092054852e+03 2.314931933403516268e+03 2.314894739945608308e+03
2.254603221588280576e+03 2.254590416140023990e+03 2.254603221588280576e+03 2.254628708094858666e+03 2.254679438940796445e+03 2.254679438940796445e+03 2.254653218301532888e+03 2.254603218826669035e+03 2.254566022607149534e+03 2.254465046350094326e+03 2.254365044644232057e+03 2.254265042938370243e+03 2.254240160651319457e+03 2.254240157326485132e+03 2.254177958252582357e+03 2.254128322015516005e+03 2.254091125232773720e+03 2.254040147828315639e+03 2.254064292604280126e+03 2.254075634741690010e+03 2.254037340588465668e+03 2.254049417990482652e+03 2.254098811047429990e+03 2.254135765218751203e+03 2.254210644219053847e+03 2.254248204239592724e+03 2.254273081003420430e+03 2.254298200384145730e+03 2.254334785231224942e+03 2.254334785231224487e+03 2.254321367847305282e+03 2.254295879147814503e+03 2.254308930591369517e+03 2.254334053296928687e+03 2.254334422615694166e+03 2.254308567916794800e+03 2.254321251168028539e+03 2.254295156050621699e+03 2.254206622572724882e+03 2.254131137723204120e+03 2.254118703792102679e+03 2.254131387043336417e+03 2.254119312966153757e+03 2.254156509185673258e+03 2.254182732586548354e+03 2.254257980288827184e+03 2.254307859759581333e+03 2.254382370004340828e+03 2.254445783538290016e+03 2.254496514384227794e+03 2.254547125794754720e+03 2.254535421041814061e+03 2.254511881498277489e+03 2.254487493488625660e+03 2.254501883284393898e+03 2.254515297906702017e+03 2.254515663283843878e+03 2.254541394600231797e+03 2.254604202848186105e+03 2.254654934257346213e+03 2.254642497564632777e+03 2.254592860705299245e+03 2.254592251531247712e+03 2.254604565463716426e+03
2.283017597735869913e+03 2.283004794480525561e+03 2.283066502033163488e+03 2.283091624175500328e+03 2.283078452733312133e+03 2.283091135421323997e+03 2.283241867973123590e+03 2.283316992915157698e+03 2.283304552275344577e+03 2.283304795455463591e+03 2.283242718578583663e+03 2.283217229873615906e+03 2.283130039702455178e+03 2.283080775492198427e+03 2.283144192350981484e+03 2.283257365450941506e+03 2.283421390428026371e+03 2.283524195426638016e+03 2.283512370669587654e+03 2.283463103134497032e+03 2.283414810204166770e+03 2.283378953972027375e+03 2.283392611211232634e+03 2.283381511685242913e+03 2.283319076080888408e+03 2.283143097441018199e+03 2.283030046484513150e+03 2.282918339462488802e+03 2.282793580991432009e+03 2.282681139831244764e+03 2.282619432278606837e+03 2.282620530212312133e+03 2.282607724195356241e+03 2.282608086810886562e+03 2.282570767267900010e+03 2.282508810963829092e+03 2.282446368709806393e+03 2.282446977883857926e+03 2.282497948579604781e+03 2.282584775512967553e+03 2.282647211680544842e+03 2.282745872841281198e+03 2.282807699829330431e+03 2.282906115048336233e+03 2.282978550046586861e+03 2.282950012112615241e+03 2.282922450922749704e+03 2.282933556535184380e+03 2.282982218784279667e+03 2.282979537688552682e+03 2.283003683081306463e+03 2.283052464765813056e+03 2.283150763305542569e+03 2.283249793221822983e+03 2.283260530078714055e+03 2.283210290754041125e+03 2.283223832083694560e+03 2.283249686782593926e+03 2.283225413106371889e+03 2.283151994092081623e+03 2.283139185313514645e+03 2.283151136630453038e+03 2.283126862954231001e+03 2.283091009478225715e+03
2.288563652987106252e+03 2.288576455679227820e+03 2.288514016750039445e+03 2.288450606540924127e+03 2.288451341236831013e+03 2.288426467229137870e+03 2.288277077984074822e+03 2.288315738077663809e+03 2.288455008487942905e+03 2.288630134572617408e+03 2.288793187143330670e+03 2.288984163573008118e+03 2.289186473238470626e+03 2.289286591470674921e+03 2.289310373625632110e+03 2.289334890481973162e+03 2.289333555454594716e+03 2.289419411161597964e+03 2.289595755178610034e+03 2.289833683988014855e+03 2.289945270448184601e+03 2.289982832608068293e+03 2.289945639766950080e+03 2.289908569691552657e+03 2.289922107085059451e+03 2.289987599812619010e+03 2.289978212971175708e+03 2.289929554610136620e+03 2.289943581168106903e+03 2.289970779120175848e+03 2.289909317503791954e+03 2.289833706563716078e+03 2.289708947529436955e+03 2.289608581015132131e+03 2.289508212746638947e+03 2.289484677144725538e+03 2.289536748541265297e+03 2.289513455145961871e+03 2.289426256132222079e+03 2.289427351304314470e+03 2.289427954391921048e+03 2.289352699986407060e+03 2.289204156445847730e+03 2.288943051271658987e+03 2.288807073892769040e+03 2.288833656584340588e+03 2.288896458745849486e+03 2.288857426566406957e+03 2.288868154569765011e+03 2.288830225847249949e+03 2.288816571938355537e+03 2.288778037372100243e+03 2.288750476750933558e+03 2.288709741351791308e+03 2.288807298486901800e+03 2.288878998166977453e+03 2.288987774062463359e+03 2.289047165901993139e+03 2.289069125045118653e+03 2.289028890637564018e+03 2.288990482156387316e+03 2.288880003094769108e+03 2.288767444839540985e+03 2.288639270008150106e+03
2.273296429875682406e+03 2.273182653629071865e+03 2.273108015100844568e+03 2.272998005158506658e+03 2.272762512077273641e+03 2.272665192083928559e+03 2.272741534958300690e+03 2.272714097097378726e+03 2.272563850543620902e+03 2.272554215562057379e+03 2.272533849815524718e+03 2.272359703864311086e+03 2.272218861901677428e+03 2.272215703862466853e+03 2.272312412536939519e+03 2.272360336765293141e+03 2.272347525230591600e+03 2.272398495931814978e+03 2.272509473781155066e+03 2.272705329402427651e+03 2.273090701673865624e+03 2.273626440503172034e+03 2.274072543820841474e+03 2.274370965006681672e+03 2.274618409968074957e+03 2.274874998590792075e+03 2.275119266014582990e+03 2.275278782942486032e+03 2.275314030622841074e+03 2.275335497681479410e+03 2.275446964290472806e+03 2.275585626712190333e+03 2.275737703756215069e+03 2.275850144916402314e+03 2.275987462845894242e+03 2.276010638593888416e+03 2.275920275805735855e+03 2.275867475794257189e+03 2.275817719499513260e+03 2.275718086554671117e+03 2.275582111527105099e+03 2.275470527828546892e+03 2.275396746815516053e+03 2.275361623134462207e+03 2.275265893105741270e+03 2.274945159003825211e+03 2.274576005838410310e+03 2.274243437525551144e+03 2.274007820498584351e+03 2.273796102863595934e+03 2.273609015844203441e+03 2.273384732042068208e+03 2.273211065795949708e+03 2.273138631419965805e+03 2.273052905181918959e+03 2.272928518796716617e+03 2.272729366701131312e+03 2.272579239987595429e+03 2.272683253306241113e+03 2.272799947119986427e+03 2.272875308586995288e+03 2.272909814039439880e+03 2.273019447817796845e+03 2.273194949307681782e+03
2.245427479367279830e+03 2.245170408841078824e+03 2.244699562560795130e+03 2.244267127464255282e+03 2.243995172137776535e+03 2.243719182949464994e+03 2.243393182118875302e+03 2.243206329555111097e+03 2.243054852896124885e+03 2.242859120135165085e+03 2.242748040284397575e+03 2.242790140870061350e+03 2.242773811324141661e+03 2.242786493953109130e+03 2.242702830576702581e+03 2.242780634464164905e+03 2.242879539416334410e+03 2.242836848769315111e+03 2.242845620403829344e+03 2.243071231398186683e+03 2.243308190356330215e+03 2.243542945779019647e+03 2.243963678256487128e+03 2.244395134326356583e+03 2.244642559325502589e+03 2.244679512933601472e+03 2.244740870660389191e+03 2.245098444388218013e+03 2.245743939181949372e+03 2.246391992464097257e+03 2.246928579190819619e+03 2.247300893162533612e+03 2.247509667948701917e+03 2.247633325724442784e+03 2.247695765828166259e+03 2.247857229708157320e+03 2.248131011424868575e+03 2.248393579346682145e+03 2.248568466144769445e+03 2.248795178180209859e+03 2.249108352957359784e+03 2.249393240286505716e+03 2.249587886407732185e+03 2.249645457221841298e+03 2.249705337673567101e+03 2.249815694127874849e+03 2.249803249144850270e+03 2.249582022044677615e+03 2.249288118372866393e+03 2.248929465024235469e+03 2.248594597166350013e+03 2.248472045614625586e+03 2.248449247011853004e+03 2.248315209417960887e+03 2.248145431954382730e+03 2.247926640281991240e+03 2.247724930770473293e+03 2.247399568562236709e+03 2.246692987195134720e+03 2.245943832075030514e+03 2.245601145745202757e+03 2.245493587841098815e+03 2.245506270676567965e+03 2.245515779087289957e+03
2.221319792526513083e+03 2.220869998152802509e+03 2.220542301411584049e+03 2.220257921439656457e+03 2.220263187852632200e+03 2.220535044244038545e+03 2.220816774909072137e+03 2.220950581388600767e+03 2.221402568186797453e+03 2.222102701638066719e+03 2.222788529562445547e+03 2.223689601021754243e+03 2.224341306283446102e+03 2.224628389544522634e+03 2.224637296123125452e+03 2.224546687339674463e+03 2.224735461399732230e+03 2.225026432274291437e+03 2.224868021441361634e+03 2.224515107357155102e+03 2.224337809520220617e+03 2.224290965481366584e+03 2.224271898806301579e+03 2.223943338860091444e+03 2.223349556284814298e+03 2.222959194019686947e+03 2.222780773629020587e+03 2.222609917883063645e+03 2.222589071602668355e+03 2.223031760581799062e+03 2.223370778227501887e+03 2.223348576478432733e+03 2.223293822369019836e+03 2.223246378669051865e+03 2.223243434693788004e+03 2.223307084551688604e+03 2.223411727111476466e+03 2.223512101460937629e+03 2.223461733847320374e+03 2.223035515645668511e+03 2.222730269506572768e+03 2.223150024405689237e+03 2.223931983490817856e+03 2.224491271116527969e+03 2.224716899963157175e+03 2.224902038437908686e+03 2.225228758068047682e+03 2.225739254641249772e+03 2.226265975205000359e+03 2.226803183166052349e+03 2.227146596364631023e+03 2.227090353657210471e+03 2.226761669233703742e+03 2.226456435675139346e+03 2.226257573813615181e+03 2.226005276640101329e+03 2.225345625251136880e+03 2.225250619652293153e+03 2.225669424058342884e+03 2.224900797533696732e+03 2.223778236683032446e+03 2.223057230886944581e+03 2.222566830854071668e+03 2.221970447609688563e+03
2.218599106846662835e+03 2.219925948264040471e+03 2.221716052374330502e+03 2.223832136498048385e+03 2.226021641716356953e+03 2.228456417308965229e+03 2.230644410329122366e+03 2.232096052524265360e+03 2.233083885612136783e+03 2.234326860428912369e+03 2.235803478735373574e+03 2.235417223322877817e+03 2.234762652232809160e+03 2.234919827018106389e+03 2.235523497405044964e+03 2.235925940313386036e+03 2.235748125155847902e+03 2.235664718003833059e+03 2.235711804474751716e+03 2.235670308406484310e+03 2.234837322892744851e+03 2.233215095729226505e+03 2.232045003346789599e+03 2.231934927725909802e+03 2.232106144145659982e+03 2.231545986054407877e+03 2.230123887613584884e+03 2.229141192090837649e+03 2.227967524964432414e+03 2.225655192938693745e+03 2.223504809734542050e+03 2.222295034501455575e+03 2.221786122804266597e+03 2.221861868481929832e+03 2.221886286129953533e+03 2.221652888042737231e+03 2.221150325574722956e+03 2.220106304411696328e+03 2.218841646903211767e+03 2.218079041371461244e+03 2.217904865972485823e+03 2.217892065216460651e+03 2.218017062899167740e+03 2.218232510611956059e+03 2.218330041338937917e+03 2.218028707968727758e+03 2.217756899705661453e+03 2.217674237235009514e+03 2.217864260901910711e+03 2.218114020751060252e+03 2.218195250247141303e+03 2.218620187542964686e+03 2.219205366788958599e+03 2.219189380903086658e+03 2.218601259830691561e+03 2.218237663638418780e+03 2.218576345518830749e+03 2.218550676384513281e+03 2.218639190210113156e+03 2.218409600244026933e+03 2.219753530158201556e+03 2.220212414610545238e+03 2.218107497267131293e+03 2.217408048463807518e+03
2.265439186246826466e+03 2.268164874671335383e+03 2.270655909740035895e+03 2.272417512832957982e+03 2.273141060375205143e+03 2.272923880720700254e+03 2.272041673809129861e+03 2.271335672185286512e+03 2.270650993663539793e+03 2.269562634419788992e+03 2.267855413834247884e+03 2.267204968466837272e+03 2.267647693833411722e+03 2.267054274641725442e+03 2.266048430679401008e+03 2.264486000206794870e+03 2.263044445805624491e+03 2.263207156991480133e+03 2.264129575634322464e+03 2.263867934537189285e+03 2.262764376632981566e+03 2.261991462486553246e+03 2.261159074355756275e+03 2.260587894039002549e+03 2.259916037401725589e+03 2.259665864511812742e+03 2.260171081705293545e+03 2.259967755019562446e+03 2.257976969304078011e+03 2.255782022185170263e+03 2.254706987582649163e+03 2.253875405371863963e+03 2.252984562941343029e+03 2.251861501270746430e+03 2.250982351038423985e+03 2.250956992833266213e+03 2.250951626543837847e+03 2.250682208216735944e+03 2.251564629298211457e+03 2.253776391461251023e+03 2.254271439681744141e+03 2.252751172373426925e+03 2.250917585460543705e+03 2.249491096378054863e+03 2.248827948285879756e+03 2.249006988224464294e+03 2.248710386171099344e+03 2.247242910250696696e+03 2.246094229172596897e+03 2.245043484366716257e+03 2.243776142316897221e+03 2.243246126246829135e+03 2.243444991920182019e+03 2.243281119695041525e+03 2.242255449520300772e+03 2.244313217767098195e+03 2.248700794029663484e+03 2.250500837325443626e+03 2.250352200392285795e+03 2.249857300648729506e+03 2.251967159614592674e+03 2.254614702079129984e+03 2.257992133869646295e+03 2.262235250440592154e+03
2.364282073964680421e+03 2.361212625526096417e+03 2.356176260492784422e+03 2.349570533909608002e+03 2.341689068255784150e+03 2.332430077737068586e+03 2.323203437081221637e+03 2.315764964488855640e+03 2.308981250075930348e+03 2.301691908311378484e+03 2.294178546624233604e+03 2.290622543700281312e+03 2.288213799017473320e+03 2.285214337182618692e+03 2.282210595230563285e+03 2.280979981273761041e+03 2.281852428329230861e+03 2.282546853869698680e+03 2.280854777217545688e+03 2.281508784654699866e+03 2.286037835490086309e+03 2.289856837630258269e+03 2.291483414329775769e+03 2.289229055069319656e+03 2.288132850304791646e+03 2.289963819304501612e+03 2.292758599285615674e+03 2.292832212212275408e+03 2.293445305518512669e+03 2.296792596155883530e+03 2.299344146508471567e+03 2.300790768765685698e+03 2.301766244831447239e+03 2.302435735828352790e+03 2.304371758292740196e+03 2.307464541725017170e+03 2.310896559517566857e+03 2.314983910601412845e+03 2.319109002794152275e+03 2.321305667910179181e+03 2.321805892255310027e+03 2.322148450194812540e+03 2.322599693130825472e+03 2.322862448032700740e+03 2.323271516220669128e+03 2.323370380370162366e+03 2.323293383193535647e+03 2.323819947339550254e+03 2.324688365960734700e+03 2.325223632036402250e+03 2.326365033851839144e+03 2.327179408307319136e+03 2.328169016716297847e+03 2.329860967530088146e+03 2.332765776048525822e+03 2.336836050264773803e+03 2.341049067851914060e+03 2.342620754198217583e+03 2.341885811355747137e+03 2.344168086654668059e+03 2.349312843490999057e+03 2.353597870923329992e+03 2.361670886533569046e+03 2.365337868405638346e+03
2.476224218886184644e+03 2.470911883648223920e+03 2.461684898358553255e+03 2.448100364800915941e+03 2.431109891264785347e+03 2.412440478971041557e+03 2.393091144606729813e+03 2.372847557117640008e+03 2.353329494316682030e+03 2.336390035342227748e+03 2.322574279361803292e+03 2.308376897772843222e+03 2.292504590056867528e+03 2.281144215124398215e+03 2.274669144114349820e+03 2.273498570973586993e+03 2.274270548902416976e+03 2.275427555730810127e+03 2.276580240112244155e+03 2.281842236690436494e+03 2.287785576118354584e+03 2.291851935328951186e+03 2.296092801246126783e+03 2.299248706615760057e+03 2.302770646005174058e+03 2.305705635265177534e+03 2.307949612089467337e+03 2.314880167372527922e+03 2.322995897175774189e+03 2.326088473399208851e+03 2.326773314657130413e+03 2.327948873427465969e+03 2.329468681407931399e+03 2.331509766783159648e+03 2.333688637715606546e+03 2.335909891999520369e+03 2.338842757483336300e+03 2.343981570694391394e+03 2.349972489428784684e+03 2.354916367069441549e+03 2.361340738881146081e+03 2.369556860472478547e+03 2.377352481232935133e+03 2.384827837892547450e+03 2.392340706475556544e+03 2.399438700559299832e+03 2.406870049389975520e+03 2.414672005259519210e+03 2.421546268167931885e+03 2.428077870390523003e+03 2.435033754990552552e+03 2.440830232246544256e+03 2.446288917359534025e+03 2.452167235411765432e+03 2.457881870127205730e+03 2.456689840408080727e+03 2.451551062552184703e+03 2.450200067781481266e+03 2.453350611542451588e+03 2.461034359199935352e+03 2.469296016840800803e+03 2.477724947465392688e+03 2.480395781159187663e+03 2.477534887667825387e+03
2.460221012736260036e+03 2.460543304933423769e+03 2.457594559809715975e+03 2.449733809307252159e+03 2.437259340694001367e+03 2.420823265030632683e+03 2.401219952275554533e+03 2.380765580586120905e+03 2.362130898472914851e+03 2.345508781859955434e+03 2.332557952701326030e+03 2.318208520947286161e+03 2.299707829050236796e+03 2.284387125419586937e+03 2.272404769956468499e+03 2.263416377851694961e+03 2.256433752301749792e+03 2.250826126734289119e+03 2.247906116376981117e+03 2.249489182479773262e+03 2.250720482606109726e+03 2.248870971820818795e+03 2.247212824919185095e+03 2.247356002834458650e+03 2.250528818256409068e+03 2.259264728096684848e+03 2.269161675810041743e+03 2.277363400656529393e+03 2.286703052110950921e+03 2.292714524425661693e+03 2.296180538571074521e+03 2.300055835599537204e+03 2.303255931302708632e+03 2.306017597565279175e+03 2.308238590201343413e+03 2.308146947439450287e+03 2.307010184099325670e+03 2.306085517671563593e+03 2.305778191946256356e+03 2.306903887410458992e+03 2.311324566121839780e+03 2.319712246784693889e+03 2.328871298087126888e+03 2.338799468664857159e+03 2.349352088849373104e+03 2.361300252724508482e+03 2.375780866846705976e+03 2.390372037322925735e+03 2.405107930317007231e+03 2.421283740844788099e+03 2.437321685762843572e+03 2.453171552058178349e+03 2.470877044747064247e+03 2.488854670157959845e+03 2.503766048458210662e+03 2.510239322534043822e+03 2.506415016757994181e+03 2.496048802599506871e+03 2.481726582504222279e+03 2.471134169967728667e+03 2.473799659495761716e+03 2.465209965948821264e+03 2.459412445263902555e+03 2.458372792181742625e+03
2.336467120578310642e+03 2.329980064244828100e+03 2.323303505446182953e+03 2.314850309288372046e+03 2.306185126746343940e+03 2.298378845044397167e+03 2.290090350384717112e+03 2.281508338397925399e+03 2.273402428684317783e+03 2.265304093649112929e+03 2.258055461731244577e+03 2.250266402845442826e+03 2.240057599356334322e+03 2.230424234534579227e+03 2.221514085514556882e+03 2.213158086656353589e+03 2.205095275899370790e+03 2.197406606414181169e+03 2.192166657466171728e+03 2.190445861085581782e+03 2.189772618738852998e+03 2.188102164032796281e+03 2.185966235808678903e+03 2.183596811595436520e+03 2.182457458581911396e+03 2.184535036429376305e+03 2.187015660405974359e+03 2.192008644161575376e+03 2.199799802708658717e+03 2.207725616983751479e+03 2.215649800691854125e+03 2.224175477488381603e+03 2.232387812941081847e+03 2.239446750147882994e+03 2.245952390991590164e+03 2.249972481464451448e+03 2.251757881459607233e+03 2.251666355270109307e+03 2.250100923278861501e+03 2.248278595130098438e+03 2.249213602657016054e+03 2.252836253361124818e+03 2.257782307602470610e+03 2.264014313866464818e+03 2.272787176729495059e+03 2.284937543686060053e+03 2.299943184119585567e+03 2.316573459126045691e+03 2.335928451314146059e+03 2.358949364496513681e+03 2.382894643607206490e+03 2.408784816048960238e+03 2.437011000037548911e+03 2.467643079989406488e+03 2.496927521472401168e+03 2.519321035657742868e+03 2.517180278661674038e+03 2.497495519808943300e+03 2.474377685333892259e+03 2.432295137350099594e+03 2.375968852555718058e+03 2.347135379957286204e+03 2.343343744596711986e+03 2.341523408708737861e+03
2.187504188850905848e+03 2.176960357704137095e+03 2.165923186322579568e+03 2.153603071651005848e+03 2.142558977568855425e+03 2.135467481534577928e+03 2.129992709401888987e+03 2.124508208126405862e+03 2.119910399558543304e+03 2.116600022921149957e+03 2.114010708727058045e+03 2.111504192260561013e+03 2.108176634908080359e+03 2.104620125414478935e+03 2.100994980329318423e+03 2.097191636503229347e+03 2.093051790547679047e+03 2.088931305455004349e+03 2.086536965314637200e+03 2.086417435372463842e+03 2.088440309075519053e+03 2.092442811828694175e+03 2.097988161428565036e+03 2.103916386168542431e+03 2.110096900558215111e+03 2.116430210893959156e+03 2.120572868235974966e+03 2.125020358004781883e+03 2.131494040193173078e+03 2.139280405308742502e+03 2.148869742773390954e+03 2.160053060821658619e+03 2.171794342182177388e+03 2.183086019210816175e+03 2.193981152962358919e+03 2.202796166265564807e+03 2.209270777917337455e+03 2.213415427897240079e+03 2.215302648315924671e+03 2.215639276213322319e+03 2.216459227677492891e+03 2.217242728467041161e+03 2.218403911457136928e+03 2.220468562401099916e+03 2.223646479547360286e+03 2.229363316038602079e+03 2.237839254287023778e+03 2.249619403313416115e+03 2.265785049591434017e+03 2.288269789093520103e+03 2.315344014585753939e+03 2.347532355235053728e+03 2.384994290993347022e+03 2.427176239658485429e+03 2.471072198665696760e+03 2.507647393023635686e+03 2.509770960146388916e+03 2.474645446638302928e+03 2.432147958005783948e+03 2.389447796799811840e+03 2.325308229117119936e+03 2.251282192572198710e+03 2.213256489504534329e+03 2.198879140558892686e+03
2.058904871370539240e+03 2.044609319189205735e+03 2.032291429775911638e+03 2.018368327921211403e+03 2.005111802380531344e+03 1.994034597116190753e+03 1.985160431163146768e+03 1.978482490109442551e+03 1.974840535729601470e+03 1.973246741159405701e+03 1.971636353032255556e+03 1.969544770731563176e+03 1.966790792065358346e+03 1.963888403371599679e+03 1.961063287166495684e+03 1.958551092113056029e+03 1.956270029405305650e+03 1.954657699203471793e+03 1.955530288725999753e+03 1.959840760332319405e+03 1.967484498249437593e+03 1.978314123705250495e+03 1.991916293523505146e+03 2.007036011468492688e+03 2.022722703802484148e+03 2.038709044578553403e+03 2.052011827968397483e+03 2.064008355007111277e+03 2.076386414112331295e+03 2.089330531937068827e+03 2.104249021053634351e+03 2.121637033978958243e+03 2.140301144257449778e+03 2.159264454113647389e+03 2.177502089173467539e+03 2.193223165568434524e+03 2.205812596438530363e+03 2.214754851030734244e+03 2.219714564303220868e+03 2.221560427783857449e+03 2.221882405043329527e+03 2.219854112896446168e+03 2.216399947211911240e+03 2.212582852506694053e+03 2.208012729005462916e+03 2.204703187604205596e+03 2.203291877601178385e+03 2.204529863079069401e+03 2.210449811158306147e+03 2.223752792207385028e+03 2.243711370256842656e+03 2.271006193678556883e+03 2.306006893616412071e+03 2.349063740728662651e+03 2.397165029823751865e+03 2.442388878211783776e+03 2.457992385756125259e+03 2.426214131646855094e+03 2.369441462389500430e+03 2.321677153367190840e+03 2.281279280252545959e+03 2.211455614322798283e+03 2.136637568080461278e+03 2.087235347892866230e+03
1.973908981661947109e+03 1.940972957605380998e+03 1.919210825202436126e+03 1.902572626966867347e+03 1.888242350879369042e+03 1.875310907715604117e+03 1.864104065407921780e+03 1.854940555489046346e+03 1.848627275169725635e+03 1.845428889919710400e+03 1.843646934856250937e+03 1.841646047605852118e+03 1.838549804713088861e+03 1.834486412779683405e+03 1.829939213249174372e+03 1.825855049464105832e+03 1.822313707420904620e+03 1.821575546826824848e+03 1.825677589537796621e+03 1.835039061302901473e+03 1.848938856959206532e+03 1.866946813645230577e+03 1.888700494363523148e+03 1.912840289569901643e+03 1.938583048392204773e+03 1.965777404621205733e+03 1.990587296496935551e+03 2.013568315023392643e+03 2.036046010963184472e+03 2.058450486271615773e+03 2.082708814093398814e+03 2.109224311385380133e+03 2.137031970328107036e+03 2.165296861767062637e+03 2.192099125905981964e+03 2.215196013595184922e+03 2.233449370753121002e+03 2.245978708794195427e+03 2.252632226409135910e+03 2.254349361216974103e+03 2.252484432073145399e+03 2.246679322607082213e+03 2.237804514705675501e+03 2.226240283071423164e+03 2.212162959036579196e+03 2.197568850952476623e+03 2.183674981418146217e+03 2.171845251847803411e+03 2.164618724127012229e+03 2.164579139657238102e+03 2.171563468055684098e+03 2.186529572077991816e+03 2.209863562943653051e+03 2.242412938019779176e+03 2.284188539925267378e+03 2.332679077233316548e+03 2.366673900174500432e+03 2.350138994958691455e+03 2.291122409138572039e+03 2.236640448460158041e+03 2.208180825261158589e+03 2.164742776148858411e+03 2.095803565513435387e+03 2.028711256576879578e+03
1.915466814889453417e+03 1.869876602559166031e+03 1.835115907738987289e+03 1.809383679760738005e+03 1.789753642047969151e+03 1.773724739126565737e+03 1.760040504459582507e+03 1.748317214079305359e+03 1.739166746588318347e+03 1.733352286918029222e+03 1.729945510685169666e+03 1.727535804328777203e+03 1.725038884245332611e+03 1.721947273841060678e+03 1.717830380505586845e+03 1.713209975515413589e+03 1.708462603635048708e+03 1.707668064647428764e+03 1.713382877265827119e+03 1.726301457263306474e+03 1.746097894164834770e+03 1.772250199649289243e+03 1.803840369735754166e+03 1.838921116758793460e+03 1.876550805247471089e+03 1.916285756081634418e+03 1.953339083066344074e+03 1.988309806863493122e+03 2.021754157683948051e+03 2.054054498080650319e+03 2.087663774285227646e+03 2.122796515391886714e+03 2.158241641285977494e+03 2.193088006487970688e+03 2.224893775479737542e+03 2.251250562227567571e+03 2.270946695645150157e+03 2.283433556985145515e+03 2.288857412475631463e+03 2.288522070959528264e+03 2.283429161765717708e+03 2.272977510396578054e+03 2.258113700360266648e+03 2.239454226430847484e+03 2.216974060812114203e+03 2.192206234325338301e+03 2.166512884909404875e+03 2.141512313421181261e+03 2.121166410453090066e+03 2.108621872919355155e+03 2.103612236599944936e+03 2.106239142532355800e+03 2.116977255570181114e+03 2.136831761068147443e+03 2.167472926660166195e+03 2.211008700189730916e+03 2.258974184036561383e+03 2.263324636584708060e+03 2.205618817668249449e+03 2.142230080476521834e+03 2.110511952776201269e+03 2.081544531636692227e+03 2.032669735037265355e+03 1.974255220255076665e+03
1.845076679028733452e+03 1.800688657881658401e+03 1.762474598241340573e+03 1.731133793674345043e+03 1.705895778854132686e+03 1.685319673075782248e+03 1.668186224719421261e+03 1.653774868033755865e+03 1.642195387841374213e+03 1.634148150620637125e+03 1.629288415344643226e+03 1.626528497431352662e+03 1.624764089341982526e+03 1.623113643548965683e+03 1.620551513981904009e+03 1.616871378016533072e+03 1.612274065948637144e+03 1.612011627972066435e+03 1.619708580871922550e+03 1.637514718969220439e+03 1.665648899601292669e+03 1.703292713379026509e+03 1.748387621733983224e+03 1.798104116527392534e+03 1.850946539976756412e+03 1.905010436601339279e+03 1.954147070146636452e+03 1.999496686196240717e+03 2.041017509969706452e+03 2.079673355727695252e+03 2.118530386292766707e+03 2.157760002847655414e+03 2.195690264658199339e+03 2.231310789725678660e+03 2.262274337854538317e+03 2.286442024020547251e+03 2.303046005570695797e+03 2.311911706683605189e+03 2.313688921772220510e+03 2.309524862616910468e+03 2.300296011648978492e+03 2.285507920885351268e+03 2.265833640265365830e+03 2.241692578132314338e+03 2.212920445786118762e+03 2.180487340080615013e+03 2.145318693692019679e+03 2.108775111942746662e+03 2.076345722535577352e+03 2.052307610325159203e+03 2.036282701159653470e+03 2.028095821765032269e+03 2.027871506278985635e+03 2.036529424713462049e+03 2.056038344600108758e+03 2.089700129717618438e+03 2.139988797051506481e+03 2.170221404128866197e+03 2.119893656905223452e+03 2.046153809751784365e+03 2.004798670885728143e+03 1.977181831011180975e+03 1.940998294110410370e+03 1.895775408528156049e+03
1.757957630207530883e+03 1.718585280808002608e+03 1.682315876725342150e+03 1.650604247353651090e+03 1.623736192575779796e+03 1.601126487851470756e+03 1.582129206475119872e+03 1.566127827317687206e+03 1.553309801151889815e+03 1.544184660820258387e+03 1.538609134678221835e+03 1.535562981217681227e+03 1.534202011727348008e+03 1.533787116173450158e+03 1.533124934548494139e+03 1.531549100709411050e+03 1.529073609173285149e+03 1.532261841194816270e+03 1.546147748778600317e+03 1.573054530945493070e+03 1.613043513963324131e+03 1.664585929200005921e+03 1.724633839211266150e+03 1.789323984880821854e+03 1.856343764892871150e+03 1.921613818001048458e+03 1.978846959973754792e+03 2.029877248254258120e+03 2.074663986937389836e+03 2.115092006803110053e+03 2.154800325368635640e+03 2.193659255040969128e+03 2.229829078607478550e+03 2.262587337894747634e+03 2.289634200890270677e+03 2.309268973123061642e+03 2.321240903172848903e+03 2.325622871955457867e+03 2.323079528301497248e+03 2.314722346541649586e+03 2.301278404350253822e+03 2.282276684646932154e+03 2.258013282349832934e+03 2.228896132978771220e+03 2.194748641184089593e+03 2.156269935542750318e+03 2.113782015342577324e+03 2.067662055631507883e+03 2.024498355968398073e+03 1.990531073348030077e+03 1.965246520130346653e+03 1.948329284777605380e+03 1.939416208534579027e+03 1.938977055354062713e+03 1.949434208345347770e+03 1.974595863115113843e+03 2.019333688708361251e+03 2.072825998985500519e+03 2.040414698534865920e+03 1.954814026938197685e+03 1.901308866121447863e+03 1.869577372043370815e+03 1.836934895981005411e+03 1.799942818740419625e+03
1.662281235321607710e+03 1.627765539894646963e+03 1.594879661654771553e+03 1.565046580647395103e+03 1.538950415968752168e+03 1.516450492297376968e+03 1.497299567571757962e+03 1.481137964804061085e+03 1.468265589401404441e+03 1.459104412153515113e+03 1.453534820906715140e+03 1.450678647376350455e+03 1.449790348376400971e+03 1.450242762836183374e+03 1.450791803205500173e+03 1.450708549367985142e+03 1.450261760969568286e+03 1.459369271718529490e+03 1.484372245194939978e+03 1.525467416160314770e+03 1.579655179880347305e+03 1.644200656902668925e+03 1.716031042676619791e+03 1.790704476215247269e+03 1.865275624632007066e+03 1.935428474832457368e+03 1.996225320873366400e+03 2.049310970634194746e+03 2.094444837037002344e+03 2.134350940980687483e+03 2.172790750659245987e+03 2.209418619613448755e+03 2.242433493065979746e+03 2.271038765302568208e+03 2.293464940315487183e+03 2.308464379652340540e+03 2.316100627572412122e+03 2.316633266397285752e+03 2.310830607491961928e+03 2.299632154035336043e+03 2.283611080722641873e+03 2.262029789823415740e+03 2.235013396653768268e+03 2.202645810602155962e+03 2.164448108804643653e+03 2.120857962750088063e+03 2.072107005783743261e+03 2.017842027954922060e+03 1.965298905050826988e+03 1.922970393921351160e+03 1.890505978932561675e+03 1.866863160248022950e+03 1.851536460090014543e+03 1.844623440945636503e+03 1.848413780490084264e+03 1.867229126011415019e+03 1.905986852167452298e+03 1.971817240718072753e+03 1.968213095910158472e+03 1.869839518983165135e+03 1.801794623491357470e+03 1.765390344152314583e+03 1.732775050246254068e+03 1.698963633066999137e+03
1.567219979519744811e+03 1.535526820464024013e+03 1.505530056041454827e+03 1.478129223398093927e+03 1.453890877460276670e+03 1.432841304604315610e+03 1.414760962451470732e+03 1.399493106729225701e+03 1.387438996900901202e+03 1.379119875850677772e+03 1.374317832922284879e+03 1.372317244184057927e+03 1.372239997016612278e+03 1.373591145434571445e+03 1.375185889395761023e+03 1.376365086694120691e+03 1.378068850156598955e+03 1.394786479707219542e+03 1.431722155076737636e+03 1.485907575576743739e+03 1.551791183890510865e+03 1.625229496515319170e+03 1.703510514686732222e+03 1.782536741252667298e+03 1.859315817756635170e+03 1.930436160892994394e+03 1.992210141653004257e+03 2.045736692251100294e+03 2.090743642709985579e+03 2.130243213990964705e+03 2.167754668730466619e+03 2.202495526724812407e+03 2.232673401447105789e+03 2.257661789388428133e+03 2.276044973016204949e+03 2.287073249867871255e+03 2.291050662750257743e+03 2.288386925206513752e+03 2.279839350487173760e+03 2.266349029064847855e+03 2.248399256085303023e+03 2.225151464122274319e+03 2.196642354800630528e+03 2.162833267618052560e+03 2.123008331595594882e+03 2.077015097580688234e+03 2.024135891988108824e+03 1.963121649016189394e+03 1.902321555019633706e+03 1.853189635713933058e+03 1.815100853500876838e+03 1.786462953925176635e+03 1.766292518074148120e+03 1.754545891490581425e+03 1.753618107181300275e+03 1.768024224973131140e+03 1.802283626215603363e+03 1.870341199900820584e+03 1.901943286600806687e+03 1.795127719459285345e+03 1.709067424210232048e+03 1.667366166299401584e+03 1.634587975583621756e+03 1.601919022153693277e+03
1.479342652948005252e+03 1.449089885877238203e+03 1.421016605070079549e+03 1.395747068725793952e+03 1.373437189422849315e+03 1.353947035607608541e+03 1.337206946072471737e+03 1.323212027196884264e+03 1.312537808072381495e+03 1.305681756389200928e+03 1.302296306769338798e+03 1.301593749036786448e+03 1.302625962275958955e+03 1.305028646261175709e+03 1.307687879100729106e+03 1.310058558607456462e+03 1.314301065182336743e+03 1.338492610739188876e+03 1.384655273585065515e+03 1.448719168596652253e+03 1.524729320447839200e+03 1.605946260859150925e+03 1.687937667645507645e+03 1.767406694425285878e+03 1.842339365268485835e+03 1.911445647516936788e+03 1.971611339602359067e+03 2.023675217936280887e+03 2.067527316919250097e+03 2.106436945508998633e+03 2.143154571632260286e+03 2.176605887118627379e+03 2.204860813874946416e+03 2.227246126791354527e+03 2.242798666789705749e+03 2.251032147695996173e+03 2.252514773614757814e+03 2.247705277416365789e+03 2.237429018947618715e+03 2.222474287870013995e+03 2.203123755891249857e+03 2.178646789077919493e+03 2.148947287824327304e+03 2.113936103803927836e+03 2.072932361636384485e+03 2.025758495595814338e+03 1.971284999995885300e+03 1.905879456308591216e+03 1.837878866371555432e+03 1.782939524298984452e+03 1.740333342101369908e+03 1.707668420451723478e+03 1.683644865866541750e+03 1.668533564018465768e+03 1.665025236056564381e+03 1.677596400323548096e+03 1.709731778903582608e+03 1.776768397489401877e+03 1.836861610052253127e+03 1.730412005540103337e+03 1.624975807208016022e+03 1.577561546979738068e+03 1.545086124879468571e+03 1.513342104475495262e+03
1.400322146471233509e+03 1.371447817846184307e+03 1.344652018059447073e+03 1.320702399141858905e+03 1.299750115651870146e+03 1.281578403781843690e+03 1.266313340937771045e+03 1.253900771974044574e+03 1.245052812600594734e+03 1.240218034395832547e+03 1.238700526954671886e+03 1.239681111339859626e+03 1.242022044281294711e+03 1.245616752191692285e+03 1.249510616419906228e+03 1.253176117269464157e+03 1.260762321310573725e+03 1.291500102492056385e+03 1.344137902126537028e+03 1.415161281250855609e+03 1.497141635457243183e+03 1.582501287610945383e+03 1.665153091227594814e+03 1.742383823705301438e+03 1.813690007737460292e+03 1.879093425474524565e+03 1.935943154963111283e+03 1.985082058300498375e+03 2.026932007312533415e+03 2.064634142294744834e+03 2.100294163044787638e+03 2.132379850485462612e+03 2.158848545841273790e+03 2.179207500966493626e+03 2.192706968650849831e+03 2.199110303050442781e+03 2.199150229902995306e+03 2.193235724698016384e+03 2.182256041778819508e+03 2.166863742275628283e+03 2.147324422516229333e+03 2.122821477887034234e+03 2.093206973293993542e+03 2.058257008184667484e+03 2.017201067977761113e+03 1.969660614063495359e+03 1.914293937767734633e+03 1.846730191697015016e+03 1.772926329787220084e+03 1.713161164483334233e+03 1.666745758808089931e+03 1.630869554755922309e+03 1.604491698224899210e+03 1.588331851121068212e+03 1.584966197379894311e+03 1.597744161856609253e+03 1.628661979219767090e+03 1.694157333874005417e+03 1.770466771050428633e+03 1.675140391623304595e+03 1.549907793573923300e+03 1.496419291804738123e+03 1.464064415392582987e+03 1.433312621725584904e+03
1.330523743288496235e+03 1.303014066919357901e+03 1.277366722973545393e+03 1.254533115067328936e+03 1.234847816220676350e+03 1.218139432358787644e+03 1.204546489144237512e+03 1.194048489153557284e+03 1.187434623306933645e+03 1.185007588446964746e+03 1.185555205007828818e+03 1.188169633928366011e+03 1.191846102519405122e+03 1.196496369128259175e+03 1.201724415305605362e+03 1.207034679212119727e+03 1.219069564392073289e+03 1.256944883702078641e+03 1.314695525687784311e+03 1.388023743980998461e+03 1.469873487182867166e+03 1.554198168137528910e+03 1.635780434686932495e+03 1.710788871804337987e+03 1.778742034229729370e+03 1.840095430446801402e+03 1.892625062947499828e+03 1.937972901752101279e+03 1.977137026482597776e+03 2.013118596443680190e+03 2.047207478687367029e+03 2.077450097247949543e+03 2.101756224968420611e+03 2.119925897967115361e+03 2.131433878118916709e+03 2.136282194823947975e+03 2.135129667539600632e+03 2.128585277969040817e+03 2.117379126615765472e+03 2.102073777991669886e+03 2.082922389994073455e+03 2.059117747026257803e+03 2.030451547450516500e+03 1.996625742615848822e+03 1.956993363553222935e+03 1.910887202660473804e+03 1.856429080098277382e+03 1.788345200861948570e+03 1.710148090255360103e+03 1.645905033822234145e+03 1.596187738649752418e+03 1.558779816755161846e+03 1.533167727638450742e+03 1.519228166723778031e+03 1.518109852636735013e+03 1.531699522212664988e+03 1.561183229860598658e+03 1.624254914937494732e+03 1.704915780163377804e+03 1.627976536813589291e+03 1.485382946244704044e+03 1.424593140429703453e+03 1.391845344024291308e+03 1.362201586834199361e+03
1.271984063730275011e+03 1.245863412174773885e+03 1.221248056266232197e+03 1.199474494523573412e+03 1.181061191753373805e+03 1.165749076652932672e+03 1.153896675208838133e+03 1.145408129588298380e+03 1.141066036399859968e+03 1.140806600389664027e+03 1.142803201408122732e+03 1.146446092404264391e+03 1.150921637576740068e+03 1.156340296986727253e+03 1.162637069755032144e+03 1.169959708084373688e+03 1.187343475308379539e+03 1.232278794313707749e+03 1.293405264740045368e+03 1.366236305322230010e+03 1.444798159754787321e+03 1.525144518619468272e+03 1.604760064793528500e+03 1.678984773471456492e+03 1.744895072631649782e+03 1.802425182652337980e+03 1.850652559999340838e+03 1.892163860649387289e+03 1.928502533523468628e+03 1.962450863431072548e+03 1.994566287940250049e+03 2.022375354844071126e+03 2.044054402308779117e+03 2.059772594577901600e+03 2.069176399320029304e+03 2.072334080811005606e+03 2.070014960186056214e+03 2.062805316426105492e+03 2.051397701691523707e+03 2.036155647871169549e+03 2.017368283384385222e+03 1.994175715323122404e+03 1.966346109331700518e+03 1.933682270728484127e+03 1.895410398566886442e+03 1.851027314143796730e+03 1.798341174688922592e+03 1.731201336147622669e+03 1.649498185616820592e+03 1.582136539327063019e+03 1.532261827720419433e+03 1.497423845032875761e+03 1.475049244996957896e+03 1.463877763400355207e+03 1.464424945760668606e+03 1.478204404369951135e+03 1.505920733161899307e+03 1.564668412329307330e+03 1.643089684725508960e+03 1.587457702065820513e+03 1.434329354419881383e+03 1.364376663840708261e+03 1.330425408322830663e+03 1.301970872434919102e+03
1.221677492395010404e+03 1.196885345936634621e+03 1.173360846564888561e+03 1.152593769021259959e+03 1.135432821759176022e+03 1.121546850063199145e+03 1.111367310110034396e+03 1.104750654176075386e+03 1.102263723054855291e+03 1.103503174714115858e+03 1.106256272361688389e+03 1.110256364578374814e+03 1.115209281753066307e+03 1.121242836503624630e+03 1.128561798108318726e+03 1.137822338378424092e+03 1.160743193674647955e+03 1.212309938275109289e+03 1.276891808859648108e+03 1.349198403595588843e+03 1.424319966027876717e+03 1.500452351624395760e+03 1.577575849505989709e+03 1.651626757440208848e+03 1.716581793053861247e+03 1.771013901924691027e+03 1.815672712658619957e+03 1.853983343090411381e+03 1.888010352320015500e+03 1.919835691927487460e+03 1.949624623341062488e+03 1.974673190959890462e+03 1.993536988303173530e+03 2.006615404409406892e+03 2.013739904748117851e+03 2.015131589464139779e+03 2.011510862790281180e+03 2.003435235739775635e+03 1.991466268059385129e+03 1.975901158943396922e+03 1.956940494346406012e+03 1.933686088295515901e+03 1.905941965432019515e+03 1.873513857068232028e+03 1.835778332762534319e+03 1.792392215557749296e+03 1.741327809846737637e+03 1.676132760993383272e+03 1.593098008823103555e+03 1.526191632935923735e+03 1.479263804354910690e+03 1.447427203923509069e+03 1.427393487272724087e+03 1.417766407885268336e+03 1.418865661075850312e+03 1.432060281319974138e+03 1.457982639861832922e+03 1.512940091199246126e+03 1.588335008883998398e+03 1.552620411816325714e+03 1.397548937607047264e+03 1.316043063960549944e+03 1.278822387879895132e+03 1.250386089610039562e+03
1.179207349969094366e+03 1.154833939829065685e+03 1.131788811304843421e+03 1.111686129009667411e+03 1.095533253240993645e+03 1.082880008827049096e+03 1.074256126448131454e+03 1.069129380241543231e+03 1.067936824106285712e+03 1.069874853015126064e+03 1.072667929481890724e+03 1.076499477615297565e+03 1.081739914537937466e+03 1.088388418921259017e+03 1.096976718841435741e+03 1.109031967940021786e+03 1.138341569386660240e+03 1.195824993342054768e+03 1.263083406551667167e+03 1.334406292965596776e+03 1.406427080781177210e+03 1.479364715710423752e+03 1.554756673856278212e+03 1.628592957811331871e+03 1.693231414301737459e+03 1.745697752544164359e+03 1.788022275412105500e+03 1.824425048851978318e+03 1.856965280366875959e+03 1.887140935585303396e+03 1.914876808703205370e+03 1.937325364000337004e+03 1.953562569160722660e+03 1.964264135654919301e+03 1.969321036845809431e+03 1.969060379943255839e+03 1.964238428343182250e+03 1.955350961872605694e+03 1.942795639008812259e+03 1.926745153907205122e+03 1.907411556747693339e+03 1.883869335783407678e+03 1.855886422871141804e+03 1.823244891419431497e+03 1.785295459762302926e+03 1.741857021851800027e+03 1.691287991093583969e+03 1.627811137989722738e+03 1.545307258834648565e+03 1.479797128405942431e+03 1.434558592530916485e+03 1.404163106121709916e+03 1.384920979169813336e+03 1.375275477057243506e+03 1.375770822075485739e+03 1.387993538846041929e+03 1.413194012482926610e+03 1.464972463487571531e+03 1.538307678883090375e+03 1.521001863123796738e+03 1.374498186207309345e+03 1.281079885959323292e+03 1.238251552415673132e+03 1.207844452742729800e+03
1.141729613937545992e+03 1.117332279758519917e+03 1.094624214986946527e+03 1.075276539531084836e+03 1.060298687250710600e+03 1.049013041352296341e+03 1.041921895407598413e+03 1.037984225066776617e+03 1.037633461341700468e+03 1.039560944343429355e+03 1.042042578672630043e+03 1.045865605015884739e+03 1.051626044651059146e+03 1.059381924461389644e+03 1.069970619803798627e+03 1.085371446482761030e+03 1.120912409600131241e+03 1.182022818288651479e+03 1.250107096574228308e+03 1.319678840514221065e+03 1.389558273031825820e+03 1.461821052659927091e+03 1.537089187901412970e+03 1.610498570548960743e+03 1.674505724676893124e+03 1.725681331151123231e+03 1.766859774681181989e+03 1.802407634131380291e+03 1.834149265022966119e+03 1.863261468997140582e+03 1.889431243157081553e+03 1.909677473284803455e+03 1.923902483478052318e+03 1.932765733333820663e+03 1.936230534321792902e+03 1.934806445431727752e+03 1.929272170789760594e+03 1.919972871722561422e+03 1.907157911511225166e+03 1.890996934541889004e+03 1.871615526972320822e+03 1.848010739977644334e+03 1.820001360495337622e+03 1.787272387265532643e+03 1.749147218009308972e+03 1.705182311649122084e+03 1.653398987867291225e+03 1.588901997010133982e+03 1.504804430350187204e+03 1.438207086599777540e+03 1.392884157725981822e+03 1.362353419227991253e+03 1.342590908481837687e+03 1.332263931955408452e+03 1.332101849698784918e+03 1.343725846086874071e+03 1.368455203469018670e+03 1.417352817668355328e+03 1.489989954592056847e+03 1.490353091402129621e+03 1.359629034616744775e+03 1.255879556165510394e+03 1.205088698843650036e+03 1.171009085396832461e+03
1.110060043645225960e+03 1.085249255097235391e+03 1.062859061340446488e+03 1.044534446414152853e+03 1.030973948266935622e+03 1.020977712015093630e+03 1.015017663377495637e+03 1.011612871617067981e+03 1.011314802871199731e+03 1.012948464628082547e+03 1.015182203176231042e+03 1.019214079087639220e+03 1.025348632180936193e+03 1.033441880260740390e+03 1.045514337962756599e+03 1.063874918851902976e+03 1.105670339893401660e+03 1.169613361235337607e+03 1.237413439797288220e+03 1.305514045544372038e+03 1.375108668687653790e+03 1.448653079605732273e+03 1.524136767910089702e+03 1.596060592908281251e+03 1.658437844812474850e+03 1.708491175016576108e+03 1.749126103745878254e+03 1.784239175147864671e+03 1.815617218364967357e+03 1.843987329353448558e+03 1.868976259072422636e+03 1.887671514285895910e+03 1.900471168259193746e+03 1.908046349893738579e+03 1.910468925277864173e+03 1.908269217917644482e+03 1.902386042210153164e+03 1.893000648160317724e+03 1.880251170589427829e+03 1.864241412716723971e+03 1.845149762730726707e+03 1.821808388804621245e+03 1.794010108323882150e+03 1.761394060523248527e+03 1.723031205648693458e+03 1.678228845630657815e+03 1.624482933418693847e+03 1.555907698959571690e+03 1.466054185819525401e+03 1.396920587213606495e+03 1.350873857535107391e+03 1.319847133280579783e+03 1.299914744782585785e+03 1.289654976939528751e+03 1.289501331795335318e+03 1.300932213386635340e+03 1.325138162542757982e+03 1.372045741573449277e+03 1.442697148910965097e+03 1.458102965050560442e+03 1.346238921713636500e+03 1.237822079818050497e+03 1.179206283102382031e+03 1.140593341572377994e+03
1.082814050242813437e+03 1.057691302335368391e+03 1.035901106885317859e+03 1.018612942533373143e+03 1.006539676501347799e+03 9.977959784027177648e+02 9.924931681036712234e+02 9.891840131314913833e+02 9.887643611125042753e+02 9.900885440397948969e+02 9.920499248546719855e+02 9.966867255743917440e+02 1.003590494286147987e+03 1.013186318670762375e+03 1.027772057613499328e+03 1.050098469202579281e+03 1.097221623193894175e+03 1.161402590358945645e+03 1.228016800905419586e+03 1.295386426475659164e+03 1.365685471855690821e+03 1.439330435830968327e+03 1.513283210307063428e+03 1.582396369319950736e+03 1.643008414668065598e+03 1.692024099096615601e+03 1.732482808738710219e+03 1.767616084017195135e+03 1.798886527223316534e+03 1.826811766080000780e+03 1.850943032365569024e+03 1.868461708017552155e+03 1.880323681853813014e+03 1.886947873903039863e+03 1.888491033637135615e+03 1.885603259407962241e+03 1.879258984802337409e+03 1.869536391630216031e+03 1.856489470186290873e+03 1.840205925057222203e+03 1.820891829480969591e+03 1.797325083458713380e+03 1.769350209705351290e+03 1.736521229715793197e+03 1.697883489673075928e+03 1.652419045873298046e+03 1.596884321863649348e+03 1.523306812526005615e+03 1.427165525894299208e+03 1.356256776671523767e+03 1.310099558313625721e+03 1.279751381703106063e+03 1.260633891440307707e+03 1.251079753189884741e+03 1.251326620686748129e+03 1.262524860757237548e+03 1.285748620211829802e+03 1.329313764257082994e+03 1.397016700163918813e+03 1.426212828970066766e+03 1.333641653567892718e+03 1.223550243988085185e+03 1.157715515311329000e+03 1.114542178377735581e+03
1.061418428188816733e+03 1.035983896285668379e+03 1.014567752606226463e+03 9.979609182939864240e+02 9.866756500789381334e+02 9.784571226644020498e+02 9.732140952522408952e+02 9.697172462120120144e+02 9.691491599541271853e+02 9.697522051116903867e+02 9.720118622113440097e+02 9.768741910656440268e+02 9.850683997859064220e+02 9.966337396306234950e+02 1.013515366543827668e+03 1.040164048415528669e+03 1.091665478783143953e+03 1.156533046117269123e+03 1.223100000648877767e+03 1.291232319703755365e+03 1.362696124026484995e+03 1.434986399755026014e+03 1.505566522198893608e+03 1.571011257818113791e+03 1.629321937088976028e+03 1.676801189004710068e+03 1.716725001669099584e+03 1.751523348805488695e+03 1.782294006941094722e+03 1.809558407898712630e+03 1.832690543904486276e+03 1.849195196064773882e+03 1.860407295282544510e+03 1.866227931531661625e+03 1.867031681971924399e+03 1.863593524808175516e+03 1.856737904702332571e+03 1.846529818334955507e+03 1.832959227232473950e+03 1.816002376166455406e+03 1.795889727492540715e+03 1.771360280077548396e+03 1.742322581023087650e+03 1.708418093044419720e+03 1.668791801878767728e+03 1.622588199582469088e+03 1.566201263974973244e+03 1.489411629908705891e+03 1.390295187735612444e+03 1.319350100218802027e+03 1.274369851488321729e+03 1.245198402926353765e+03 1.227123251608175451e+03 1.218279010685904041e+03 1.218702963356873852e+03 1.229359160488154430e+03 1.251010075317021347e+03 1.291136475601005031e+03 1.354902755598080603e+03 1.395902938097088509e+03 1.321748619488182840e+03 1.213682493237795597e+03 1.142027917955978182e+03 1.094560413627354592e+03
1.043931172632072958e+03 1.017764485442256159e+03 9.964394935324178277e+02 9.802138424708625735e+02 9.690037298408656170e+02 9.606873132500954853e+02 9.551123991602171373e+02 9.512359495392081499e+02 9.503165709419758969e+02 9.503928135187679800e+02 9.526996599181879901e+02 9.577636452316963869e+02 9.668540421529548894e+02 9.801122505838503685e+02 9.996006365265437807e+02 1.029869140059046686e+03 1.085987974729956250e+03 1.153449670682823353e+03 1.222972619387160421e+03 1.293539846054081181e+03 1.364977327179719168e+03 1.433751177781725801e+03 1.499134997166640233e+03 1.559941563274947612e+03 1.614988374132087301e+03 1.660172737772387563e+03 1.698704810823387788e+03 1.732399450419647110e+03 1.762182408520047829e+03 1.788272551277005277e+03 1.810176279716848057e+03 1.825642886850006562e+03 1.836154607516021088e+03 1.841334497350145512e+03 1.841611524132455770e+03 1.837799696806686370e+03 1.830695053093227216e+03 1.820236594525973715e+03 1.806405633567477253e+03 1.789138779159035039e+03 1.768664899249047949e+03 1.743623735801146950e+03 1.713985660571149765e+03 1.679319208136064617e+03 1.638655702512260177e+03 1.591263545780669574e+03 1.533785371268993913e+03 1.456044018634795520e+03 1.357166127229361791e+03 1.287410327214061226e+03 1.243694124986760698e+03 1.215476841745434513e+03 1.198033286254758195e+03 1.189484177339446433e+03 1.189647520062544345e+03 1.199348731475923159e+03 1.219121275025423756e+03 1.255490128450642715e+03 1.314988093784327930e+03 1.367073621324954047e+03 1.309750442138095195e+03 1.208070670210573553e+03 1.131336055637203572e+03 1.079166960797537740e+03
1.028922370898839063e+03 1.001416342917778024e+03 9.794336768407955560e+02 9.629568055237140243e+02 9.514570158556018669e+02 9.426227620697452494e+02 9.363903265501147644e+02 9.319671113286391346e+02 9.304798842788969750e+02 9.304790171031925183e+02 9.329537171014790147e+02 9.385325507703016683e+02 9.485081008599540837e+02 9.627452515976169707e+02 9.836932939119569710e+02 1.017737231366431274e+03 1.080537874269057056e+03 1.154370303534976983e+03 1.228157366915437251e+03 1.298785757290064794e+03 1.366575580924638189e+03 1.429970353941362191e+03 1.490750079235275734e+03 1.547221157333437077e+03 1.599050035984004808e+03 1.641876082738438754e+03 1.678677745956783838e+03 1.710841962300202340e+03 1.739149177671763027e+03 1.763726766330173859e+03 1.784125860299832993e+03 1.798478319392253752e+03 1.808327464132994010e+03 1.812877819751246307e+03 1.812729349128626609e+03 1.808695074089687978e+03 1.801415800925754411e+03 1.790982465638236135e+03 1.777228579952263090e+03 1.760074895871214949e+03 1.739802116743434908e+03 1.715011321001518354e+03 1.685698493035554520e+03 1.651320464757914806e+03 1.610895499879178033e+03 1.563216262296878767e+03 1.504499777103257429e+03 1.426681359208173490e+03 1.328203351860466455e+03 1.259122684255284184e+03 1.215909174414632616e+03 1.188095920206306346e+03 1.170794807742901867e+03 1.162104479019308201e+03 1.161718060207638928e+03 1.170373301719931078e+03 1.188246097854209665e+03 1.221194407500218858e+03 1.276061854650152554e+03 1.338481192022466530e+03 1.296343133219163064e+03 1.203203503353654924e+03 1.123413392127838961e+03 1.066633673056755697e+03
1.015162955306774052e+03 9.858242552761057595e+02 9.627228765762068861e+02 9.453991605491825112e+02 9.331641359556761017e+02 9.241143417888324620e+02 9.171794603527589516e+02 9.124515225948154011e+02 9.106646346940390231e+02 9.106323205424007483e+02 9.134012554200845670e+02 9.195530944954363122e+02 9.301799526403282243e+02 9.461336860218178799e+02 9.697496994886566881e+02 1.007722320597625753e+03 1.077249301162165011e+03 1.157103638309908547e+03 1.231294142003164097e+03 1.299025745803432983e+03 1.362919989218549063e+03 1.423149019678375680e+03 1.481263630784434099e+03 1.535295301402169116e+03 1.584712439101420159e+03 1.625535425362086016e+03 1.660580328733445640e+03 1.691138649483869813e+03 1.717869400865824446e+03 1.740794675070266294e+03 1.759563761717808802e+03 1.772752307063467924e+03 1.781813018910951541e+03 1.785659817667867173e+03 1.785123164825915410e+03 1.780890719128430646e+03 1.773587424528430347e+03 1.763229939414007504e+03 1.749664718933018094e+03 1.732736283160798848e+03 1.712802409158523233e+03 1.688448327295110857e+03 1.659811244297194662e+03 1.626184079220925241e+03 1.586547419857743989e+03 1.539506978748328493e+03 1.480841596475544748e+03 1.403259647392898842e+03 1.303279419769863125e+03 1.233337396342288230e+03 1.189801074343509072e+03 1.161754644343180189e+03 1.144196211885985122e+03 1.135137950690925891e+03 1.134112498223584907e+03 1.141694688449385922e+03 1.157838578780818807e+03 1.187638473668221877e+03 1.237540206296858742e+03 1.308509835118342835e+03 1.278768949572796828e+03 1.197113170705187486e+03 1.116744363839388370e+03 1.055180033502342667e+03
9.996982149526288595e+02 9.689211106687910160e+02 9.447597609339103428e+02 9.269307850685867152e+02 9.143335250286654627e+02 9.045867800613691543e+02 8.970001395711188934e+02 8.919177630704630246e+02 8.895647711183665933e+02 8.895523362786268535e+02 8.926307482635229462e+02 8.991317582889283813e+02 9.105200873558110288e+02 9.278073599073594551e+02 9.534578119504222968e+02 9.953158888365876464e+02 1.072786450250986491e+03 1.156250956910394279e+03 1.229257680728867399e+03 1.294841866905285315e+03 1.356312948448287671e+03 1.415819457031135016e+03 1.473263360388386218e+03 1.526429653928064226e+03 1.574164194040484517e+03 1.613346058405813892e+03 1.646848716870847284e+03 1.676100793431956845e+03 1.701353619935477127e+03 1.722689135082436906e+03 1.739902108775336728e+03 1.752089550896749188e+03 1.760424633039561741e+03 1.763629704127056584e+03 1.762718650256188312e+03 1.758338890831173103e+03 1.750936574811705668e+03 1.740666160373987850e+03 1.727227893598243554e+03 1.710450068175324986e+03 1.690691439698611703e+03 1.666599801367077589e+03 1.638350165170952778e+03 1.605148861563463470e+03 1.566000502029551853e+03 1.519522877697400872e+03 1.461359699193593769e+03 1.383740070703088804e+03 1.280232584800543918e+03 1.208328576446206853e+03 1.163945654929866578e+03 1.135502267962836868e+03 1.117611147330652784e+03 1.108134828672884851e+03 1.106480710704787498e+03 1.113037158552911251e+03 1.127622497208122240e+03 1.154695053990225006e+03 1.199502204703686175e+03 1.276935371975501312e+03 1.259812648906503682e+03 1.185879791971137365e+03 1.107542306966144906e+03 1.041743960817113930e+03
9.819248673538660341e+02 9.503216173903995241e+02 9.251800349840447097e+02 9.069112885483068567e+02 8.937458281585534223e+02 8.834202656130894411e+02 8.751621392083949331e+02 8.697903445880175468e+02 8.672603272825592740e+02 8.675725231241202664e+02 8.712234394249588831e+02 8.782518954700763061e+02 8.906205152663011404e+02 9.094635394718744692e+02 9.373257293592351971e+02 9.832703500521868136e+02 1.068219179363823741e+03 1.152124806100219757e+03 1.223620126931704135e+03 1.289021350570238383e+03 1.350776783752592110e+03 1.410775540571963575e+03 1.467944474347036930e+03 1.520363443670779134e+03 1.566803322884257113e+03 1.604644794266463350e+03 1.636890704234477880e+03 1.665036433050391679e+03 1.689076826867660657e+03 1.709145374954284989e+03 1.725127609462894725e+03 1.736589068423508479e+03 1.744311693398387661e+03 1.746989552263824862e+03 1.745815563973033477e+03 1.741350930312898754e+03 1.733898494978345525e+03 1.723679054561207749e+03 1.710290913334451943e+03 1.693564064747292377e+03 1.673843970284566240e+03 1.649838671914843417e+03 1.621639281752103216e+03 1.588413953783047646e+03 1.549229741341829822e+03 1.502589187151119859e+03 1.444564673819687187e+03 1.365543673624576513e+03 1.257597949012386152e+03 1.183270971640152766e+03 1.137990959100467308e+03 1.109075859495377244e+03 1.090838513305651759e+03 1.080942187460521836e+03 1.078619519967709721e+03 1.084208519392071594e+03 1.097396274224941635e+03 1.122331859970586265e+03 1.162692661140646578e+03 1.243782815562861742e+03 1.237262978057874989e+03 1.170649955661751619e+03 1.094872859520312431e+03 1.025842949716314251e+03
9.602839356327975793e+02 9.285024780694814126e+02 9.031749941029393085e+02 8.849557697929120650e+02 8.715463948371162815e+02 8.606479051249665417e+02 8.524052243165260734e+02 8.472675317755488322e+02 8.450035123619841215e+02 8.457514735783738615e+02 8.498609480263424985e+02 8.579840668341016681e+02 8.715883431702625330e+02 8.918758989602217753e+02 9.223564414121188975e+02 9.730633622025324030e+02 1.063792373302777150e+03 1.146392332484523195e+03 1.217433782708121043e+03 1.283515273202714070e+03 1.346596768721060471e+03 1.407879348981542762e+03 1.464930870285636047e+03 1.516198725545371190e+03 1.560948450944377555e+03 1.597466242193730750e+03 1.628732359071306291e+03 1.655972967561577434e+03 1.679001539144503113e+03 1.698101412046085898e+03 1.713167423917560654e+03 1.724152167749644605e+03 1.731424044968024418e+03 1.733661164214071505e+03 1.732253024009438604e+03 1.727827173267658054e+03 1.720336568896925883e+03 1.710117248325487026e+03 1.696718744065451347e+03 1.679954452547316805e+03 1.660234110968324785e+03 1.636115762269840616e+03 1.607816370964460248e+03 1.574405309944037754e+03 1.534845357652358189e+03 1.487643819313995664e+03 1.429342473845882068e+03 1.347520937743769082e+03 1.234963795843868638e+03 1.158125679682971395e+03 1.111823088470723178e+03 1.082386270666263727e+03 1.063651110634625184e+03 1.053233310387035090e+03 1.050228314946180717e+03 1.054949256843424109e+03 1.066998334393644882e+03 1.090366475631955836e+03 1.127068561149651032e+03 1.210094816466853217e+03 1.213786565468921708e+03 1.152390451771747166e+03 1.078269956719165521e+03 1.006265228508361361e+03
9.379112229278620134e+02 9.056146445369148523e+02 8.801489807326404389e+02 8.622226360630033923e+02 8.491375022903619083e+02 8.387885203936788230e+02 8.308931395881479602e+02 8.263999618855395966e+02 8.245530473913883043e+02 8.259447297878740528e+02 8.307855170762538819e+02 8.397407215939841763e+02 8.544645171668371404e+02 8.758783988303250680e+02 9.080880861573079983e+02 9.626587218259771817e+02 1.057686022957564774e+03 1.140152305720992445e+03 1.212764338256768042e+03 1.279985128436353762e+03 1.344327201966172879e+03 1.406683669217150737e+03 1.463423711216961237e+03 1.513351691161034296e+03 1.556323719676025576e+03 1.591552458594926520e+03 1.621924164553353421e+03 1.648236722764261231e+03 1.670501154818614395e+03 1.688808946494567181e+03 1.703209218889288422e+03 1.713753589206234210e+03 1.720624594814035390e+03 1.722522563403133745e+03 1.720905639416818303e+03 1.716393451075504117e+03 1.708775406580242588e+03 1.698456446912995261e+03 1.684884525809908837e+03 1.668008404504028249e+03 1.648075250745698440e+03 1.623780557003124613e+03 1.595268602881152901e+03 1.561533631768897976e+03 1.521511599670422811e+03 1.473710907989817315e+03 1.414667470748345750e+03 1.329273441122820486e+03 1.212304153412638470e+03 1.132730381514368446e+03 1.085266792546370880e+03 1.055194720210261949e+03 1.035962233361829703e+03 1.025034667955388386e+03 1.021471373409709031e+03 1.025536943316348015e+03 1.036771370864682240e+03 1.059018049907273735e+03 1.092815902964835914e+03 1.175894345039218933e+03 1.187724378816149965e+03 1.133086337375469611e+03 1.059728394634318192e+03 9.855390495661237082e+02
9.155090526279612959e+02 8.833421101307684467e+02 8.589118039754367828e+02 8.416349359597070361e+02 8.291986482163108576e+02 8.191215177826188665e+02 8.118989819395096674e+02 8.080384884215815191e+02 8.068908562908886779e+02 8.087677569357207403e+02 8.140873588594421335e+02 8.234288987989274347e+02 8.387941218692250231e+02 8.609934583915984376e+02 8.952072538298547215e+02 9.528838961713067874e+02 1.051731577877354994e+03 1.135022402149787467e+03 1.208950112359083050e+03 1.276950325764031049e+03 1.342900622596644098e+03 1.406484513424073612e+03 1.463367810704968861e+03 1.511837356181216137e+03 1.553270360519520409e+03 1.587576635566794721e+03 1.617203818016591185e+03 1.642725398346184420e+03 1.664288248070729196e+03 1.682081895849194325e+03 1.695915695718072811e+03 1.706044443198630006e+03 1.712563235961702276e+03 1.714210592484685094e+03 1.712297326975471151e+03 1.707585989986972208e+03 1.699741967535388085e+03 1.689122876600954442e+03 1.675215224169367048e+03 1.657988606186549305e+03 1.637681542926045267e+03 1.612959643791164581e+03 1.584035000157732156e+03 1.549774777806498150e+03 1.509104199877532210e+03 1.460666178413290709e+03 1.399632825267093722e+03 1.311125577452190782e+03 1.189605848126208230e+03 1.107159221385172032e+03 1.058610738149843655e+03 1.027989995598551104e+03 1.008474455435884693e+03 9.973593407030501794e+02 9.935435029445844748e+02 9.972119483593959330e+02 1.007831248876103473e+03 1.029023809998838942e+03 1.060298987083523116e+03 1.142473794067307381e+03 1.160799445828276930e+03 1.111469991273943378e+03 1.040379476482862628e+03 9.645123098765154737e+02
8.944802147986321188e+02 8.628218233561134412e+02 8.391273836271709570e+02 8.226962849630693881e+02 8.110919986108372086e+02 8.017375945840079794e+02 7.953180059127884078e+02 7.920574883064737151e+02 7.915078448320172129e+02 7.939735137994171055e+02 8.000006828446086047e+02 8.100624693249368420e+02 8.256961275404713660e+02 8.482170969060191510e+02 8.837597167177900701e+02 9.453076508335085464e+02 1.049165559773532095e+03 1.133656517063222736e+03 1.206718815759207473e+03 1.274438817297618925e+03 1.341350150785430742e+03 1.405787930482788397e+03 1.462906790578195569e+03 1.510535349986594611e+03 1.550832373668762102e+03 1.584720467391231523e+03 1.613817642721375250e+03 1.638863126081050268e+03 1.659923664389993519e+03 1.677340364003439845e+03 1.690859646767418781e+03 1.700761185553204541e+03 1.706951553871361739e+03 1.708400731649272529e+03 1.706290765999772248e+03 1.701304180248593411e+03 1.693172834750645507e+03 1.682178373847738158e+03 1.667846570374483008e+03 1.650170182623805431e+03 1.629350061594301224e+03 1.604101937237947368e+03 1.574614842767614391e+03 1.539730099974533459e+03 1.498309510066447501e+03 1.448859155418203727e+03 1.385040509112078553e+03 1.293677360345453963e+03 1.166893758893227641e+03 1.081800505307513504e+03 1.032491639745236398e+03 1.001800167476559750e+03 9.824094221630004995e+02 9.714487949720598863e+02 9.676533841934726752e+02 9.710528156305825860e+02 9.810459340797698360e+02 1.001080512538544326e+03 1.030268595229542143e+03 1.109718790507405402e+03 1.132649240597051175e+03 1.088774870859298289e+03 1.020845305119928071e+03 9.442860768896817945e+02
8.740388164493386967e+02 8.431218552650210540e+02 8.204006374660618803e+02 8.045809550419639891e+02 7.937458070234246179e+02 7.850620700124770792e+02 7.794201326958020672e+02 7.768496082706477637e+02 7.769142470615774982e+02 7.800254533331583389e+02 7.866720904225653612e+02 7.975725834563539820e+02 8.136009931275817735e+02 8.366944371492353412e+02 8.732023772469545975e+02 9.372607896316247889e+02 1.045678340863800258e+03 1.131348194075828360e+03 1.202700435347631128e+03 1.269540328843550469e+03 1.336889783959977194e+03 1.402169368194302706e+03 1.460116847730685777e+03 1.507244053709128366e+03 1.546959858942224855e+03 1.580631971139630423e+03 1.609526461340056812e+03 1.634233529301912995e+03 1.655118588972633916e+03 1.672220901518836399e+03 1.685700786114917946e+03 1.695513658054840334e+03 1.701489015500118057e+03 1.702877098229752619e+03 1.700696036041349771e+03 1.695546523815489536e+03 1.687164074741114746e+03 1.675919973561672805e+03 1.661251338070077509e+03 1.643212748889522118e+03 1.622003962616234276e+03 1.596342904956987695e+03 1.566330557049285972e+03 1.530872266708494408e+03 1.488789228204745996e+03 1.438626301687700334e+03 1.372433468517517213e+03 1.277101224704443666e+03 1.144207890304987814e+03 1.057042039320313279e+03 1.007538904166695261e+03 9.772005577209079092e+02 9.582462216947320712e+02 9.475100227341513346e+02 9.436771337844139680e+02 9.467216464712524839e+02 9.560330041584710443e+02 9.749119700107270319e+02 1.002117115626319901e+03 1.077926056158122265e+03 1.104737756192134157e+03 1.063898970183135589e+03 1.000597489482961919e+03 9.240679322413510590e+02
8.527321741201244549e+02 8.227869174994408468e+02 8.008701730117476245e+02 7.860534371764819070e+02 7.757348090883053828e+02 7.677974723445991003e+02 7.627716438766901774e+02 7.608405873874820600e+02 7.615802366992336374e+02 7.654344394351396659e+02 7.728745910274340076e+02 7.842769917979848060e+02 8.009366057807633297e+02 8.251449661392524604e+02 8.632866421623879205e+02 9.307896055330452327e+02 1.043069761367246656e+03 1.127854666503636508e+03 1.195665418646208309e+03 1.260568338072224833e+03 1.327843843036463113e+03 1.393976957236154476e+03 1.452871592725962955e+03 1.500090378984814834e+03 1.539516309533823232e+03 1.573110865534208187e+03 1.601991326766295515e+03 1.626525102897302986e+03 1.647208824751187421e+03 1.664235409841925502e+03 1.677702116903896695e+03 1.687514010908747650e+03 1.693474854607046836e+03 1.694902323752930215e+03 1.692811631619136506e+03 1.687611144809474354e+03 1.679214669123560725e+03 1.667896301496268279e+03 1.653115835742117042e+03 1.635051757856594122e+03 1.613681382744681514e+03 1.587756172880631539e+03 1.557420284253430736e+03 1.521574549872458874e+03 1.479241870534430745e+03 1.428778206960025955e+03 1.360410094157992944e+03 1.259708364438004764e+03 1.121448117321205473e+03 1.032871631688125490e+03 9.835655845901019347e+02 9.537213185427824556e+02 9.350820598761780502e+02 9.243657733294569425e+02 9.202929762096431432e+02 9.228138348524720413e+02 9.314094024533443417e+02 9.492597875891220838e+02 9.749835484146257158e+02 1.046831773598260725e+03 1.076569497363572509e+03 1.037193148701770724e+03 9.786899353540621860e+02 9.023788756494341214e+02
8.299684817923575793e+02 8.008868598824675473e+02 7.798304740932508139e+02 7.659973589087758228e+02 7.562692367364893471e+02 7.490034992827903579e+02 7.445020067535808721e+02 7.431238056766184172e+02 7.445327600845889719e+02 7.490804565882829138e+02 7.572309253898939687e+02 7.694042277380842734e+02 7.870403911993377051e+02 8.125103362381589704e+02 8.525947214390507725e+02 9.239164311687105737e+02 1.041229877270656971e+03 1.122316420502719893e+03 1.184965730374384975e+03 1.247096126480375233e+03 1.313827672790552924e+03 1.380793239248376267e+03 1.440644191905864773e+03 1.487918698882675699e+03 1.527119145161102097e+03 1.560622970186491102e+03 1.589489530317942581e+03 1.613986594942616875e+03 1.634533490962450060e+03 1.651485689759638944e+03 1.664975440333558936e+03 1.674836720686644867e+03 1.680859149177337486e+03 1.682438203282758877e+03 1.680511419036486132e+03 1.675448252917926993e+03 1.667163729686114948e+03 1.655945729705048279e+03 1.641340391778805724e+03 1.623438877288577942e+03 1.602142892417315352e+03 1.576155975000627450e+03 1.545707401416329958e+03 1.509774957191559452e+03 1.467467158510892205e+03 1.416763120945017590e+03 1.345954600000949767e+03 1.239321434442844293e+03 1.098501509558185262e+03 1.008852325931979749e+03 9.597310459006284873e+02 9.300985382478625070e+02 9.114311197823981274e+02 9.004348742997638055e+02 8.959158600805326387e+02 8.978293305176165404e+02 9.058104289769372599e+02 9.228359929248312028e+02 9.475454176796633874e+02 1.015577518410503785e+03 1.047791958482309838e+03 1.008477797258346527e+03 9.552244618940590044e+02 8.794126688544384933e+02
8.056332281669892836e+02 7.777796202276539361e+02 7.579568725525821264e+02 7.449814475589112135e+02 7.359558776128035333e+02 7.293393116198864163e+02 7.252350561193087515e+02 7.241546582031226080e+02 7.259354303490542861e+02 7.308139594559975194e+02 7.393074474022516824e+02 7.521038534244344191e+02 7.704966003957067642e+02 7.973805016208737015e+02 8.395797066218951841e+02 9.146817831784105692e+02 1.036589206563700600e+03 1.113676347242941347e+03 1.171589284221926164e+03 1.231056269201088526e+03 1.296237969161844148e+03 1.363080514513913386e+03 1.423329381010241150e+03 1.470483513785623018e+03 1.509234083808869855e+03 1.542358634260929648e+03 1.571050922286090781e+03 1.595534941038523812e+03 1.616045248891921574e+03 1.632908914779912493e+03 1.646421710045793361e+03 1.656321041318416519e+03 1.662406394583405017e+03 1.664209840110202549e+03 1.662447329182159820e+03 1.657558678339056314e+03 1.649498911905761815e+03 1.638530551621577388e+03 1.624175342103778348e+03 1.606536516512984235e+03 1.585428823591793616e+03 1.559591910680665251e+03 1.529343706502023679e+03 1.493711267394839524e+03 1.451765180821174454e+03 1.400347224607470025e+03 1.327167440196271400e+03 1.217015937685804374e+03 1.075067698714110975e+03 9.843392504862360965e+02 9.351597379205438756e+02 9.053897264029453709e+02 8.864467177896676731e+02 8.750609394397987444e+02 8.700438661056433602e+02 8.713787419419247726e+02 8.788376531872652322e+02 8.951600805690875404e+02 9.191814753559906421e+02 9.841548695144059593e+02 1.018115042798960417e+03 9.787228198483975348e+02 9.296459369930229286e+02 8.545755024528191370e+02
7.819983857251809241e+02 7.554199886276529696e+02 7.367233717873042451e+02 7.246382289554001090e+02 7.162817511601177785e+02 7.102465511777360234e+02 7.064719589686451400e+02 7.056454241546673529e+02 7.075484069709607411e+02 7.125895106250053459e+02 7.212539294826809737e+02 7.342159980610217644e+02 7.531458513750428665e+02 7.810997781034773197e+02 8.253342541928142282e+02 9.040731923579876366e+02 1.029708445390085444e+03 1.102375909876810510e+03 1.156761862909091406e+03 1.213423453412086474e+03 1.276597948562744932e+03 1.342316606732055561e+03 1.401931445128145242e+03 1.448539591505359795e+03 1.486476986526634391e+03 1.518746278226666618e+03 1.546837949545171114e+03 1.571033059791461255e+03 1.591393123858189711e+03 1.608193376212231215e+03 1.621743121133633849e+03 1.631617938874749598e+03 1.637739388227164000e+03 1.639707100932178264e+03 1.638132156159924762e+03 1.633505585605425722e+03 1.625682649479132579e+03 1.614990516045633285e+03 1.600948117093677411e+03 1.583596857166145128e+03 1.562826365582059680e+03 1.537477387123059316e+03 1.507878826655045714e+03 1.472984693642120419e+03 1.431725936321477775e+03 1.379596137323243056e+03 1.302814335078597651e+03 1.194208604274687332e+03 1.051259007136025502e+03 9.592580567682712172e+02 9.098234894636347008e+02 8.797962532507631295e+02 8.605828132482655519e+02 8.488301109610808908e+02 8.433784421782064555e+02 8.442961299998706863e+02 8.514034722077968809e+02 8.671301555668360379e+02 8.905512736215780478e+02 9.525966616325687255e+02 9.882604855110616882e+02 9.487105441391311160e+02 9.037329026599157942e+02 8.304061280644477847e+02
7.598084011718882493e+02 7.349977844206131294e+02 7.173757559341653405e+02 7.058733676030669812e+02 6.981092369763316583e+02 6.925526884070500273e+02 6.890254076715739302e+02 6.884424393550236800e+02 6.904671238023802289e+02 6.956367172843154094e+02 7.042529490854589085e+02 7.172415842279347089e+02 7.362651475700370156e+02 7.649691314004136302e+02 8.110371749449407162e+02 8.941637951629156760e+02 1.022622233354207538e+03 1.090409154952860490e+03 1.142224816239771826e+03 1.195493661944843097e+03 1.256286808673674614e+03 1.320197423729398224e+03 1.378454688222313052e+03 1.423949527815237616e+03 1.460671052584386644e+03 1.491774230267992380e+03 1.518889297358590511e+03 1.542256473477421423e+03 1.562127502348615280e+03 1.578715314029519959e+03 1.592176885326944785e+03 1.601976701307512940e+03 1.608122664808224272e+03 1.610190985068318923e+03 1.608804458953481799e+03 1.604402038785060768e+03 1.596829106108577889e+03 1.586462465923456193e+03 1.572782148402744724e+03 1.555981384616773312e+03 1.535911151532243593e+03 1.511462185664390518e+03 1.482876327704621417e+03 1.448994895001551640e+03 1.408685785945900989e+03 1.357031970651554502e+03 1.274896663203827529e+03 1.172002256266725908e+03 1.027899953095232149e+03 9.345160515183015377e+02 8.847931368886885366e+02 8.546616908271988677e+02 8.353424191401570624e+02 8.233896747838620058e+02 8.177253315542886867e+02 8.184159930512593064e+02 8.252136925403359555e+02 8.402314528435317698e+02 8.629625978299620783e+02 9.222894141654746818e+02 9.593483411314091427e+02 9.201493641605754874e+02 8.775415606610771420e+02 8.067456866399957107e+02
7.404407691437053245e+02 7.168453158322718082e+02 7.002600133012294918e+02 6.892654895371185830e+02 6.818396871207474987e+02 6.766624826519000635e+02 6.734012030425590183e+02 6.729951802298371604e+02 6.752483498561729220e+02 6.805341395025337761e+02 6.892379936416459714e+02 7.022042234754962919e+02 7.212024838041052135e+02 7.499936063965222957e+02 7.972653728490722642e+02 8.836175857267267020e+02 1.014052467112538352e+03 1.079433769655990545e+03 1.129540755241337592e+03 1.179269498188207763e+03 1.237177995414798488e+03 1.298916545097185008e+03 1.355420488325112956e+03 1.399188848358011455e+03 1.434178887322820401e+03 1.463964849113957825e+03 1.489990264972721889e+03 1.512429867879238600e+03 1.531523933887418934e+03 1.547547954180821080e+03 1.560647446808613267e+03 1.570297501463741128e+03 1.576356269275546310e+03 1.578524956672212511e+03 1.577300874570827546e+03 1.573111020597399147e+03 1.565850409727105898e+03 1.555946458522831335e+03 1.542904077198195637e+03 1.526877841174809646e+03 1.507770671546278663e+03 1.484371724968044873e+03 1.456899300963766109e+03 1.424368378049153762e+03 1.385410391334413362e+03 1.335573915838245966e+03 1.248163771802986048e+03 1.152344608649566908e+03 1.006290929721870725e+03 9.114074275734649291e+02 8.615770221139498517e+02 8.316062613574235911e+02 8.123511601874180315e+02 8.004498409401899153e+02 7.948454357113586184e+02 7.954732071402386282e+02 8.019983742038419905e+02 8.162575867170215815e+02 8.381277930794013855e+02 8.939779999088223121e+02 9.321032056283993370e+02 8.940589272599444257e+02 8.532231034451548339e+02 7.862309513388818232e+02
7.229773848306083437e+02 7.008775710308733551e+02 6.851762504413801480e+02 6.747077582948330701e+02 6.676856565753677160e+02 6.628332333302055304e+02 6.598760719404465362e+02 6.597969863822963816e+02 6.623731105689154219e+02 6.678569444901912675e+02 6.767428165429997762e+02 6.897552013088974263e+02 7.086658142161487604e+02 7.374020942895475628e+02 7.856011603661506797e+02 8.752495525279692856e+02 1.007949366245029296e+03 1.071378834485765992e+03 1.119847007325455024e+03 1.165897467824235036e+03 1.219974324167357963e+03 1.279180214707968162e+03 1.334143763266612950e+03 1.376305151091503831e+03 1.409401140856678012e+03 1.437683051412886698e+03 1.462553698159722671e+03 1.484152921907664904e+03 1.502595268336441222e+03 1.518006232527906377e+03 1.530618033314991180e+03 1.539867227009875023e+03 1.545788064956525886e+03 1.547983092433343472e+03 1.546909014274295714e+03 1.542955751321281923e+03 1.536133684602304356e+03 1.526767428032957469e+03 1.514412252069178521e+03 1.499249809172479672e+03 1.481004849503137166e+03 1.458681288153768946e+03 1.432546815042735261e+03 1.401691163799361675e+03 1.364697601528244377e+03 1.315624295015062216e+03 1.226060600874013289e+03 1.136460197227341496e+03 9.876231746344909652e+02 8.911705473442212906e+02 8.414499596160560486e+02 8.117927897369410175e+02 7.928482637594806874e+02 7.813663764365745692e+02 7.760363274952667325e+02 7.766219758031471656e+02 7.826946735912165423e+02 7.959768867310014002e+02 8.168018596547906327e+02 8.688095234232996518e+02 9.075010530246570397e+02 8.712771192500006237e+02 8.303413417078373868e+02 7.664939845994547341e+02
7.077710733504184191e+02 6.870799567771416605e+02 6.724412877262228676e+02 6.625876855317681020e+02 6.560114301118048843e+02 6.514890824489642682e+02 6.489047371182981578e+02 6.491180037469359831e+02 6.519042209066315081e+02 6.576737587703229337e+02 6.668438320309126084e+02 6.800156193290599731e+02 6.989289156850860536e+02 7.276780553710343611e+02 7.765225102624456213e+02 8.690940306243509212e+02 1.005652583454413502e+03 1.067948583165215496e+03 1.113507341725871811e+03 1.156000271613250561e+03 1.205329336563255310e+03 1.261162928990053615e+03 1.314654896089856265e+03 1.356026623310737250e+03 1.387709058045191796e+03 1.414563143051913130e+03 1.438267796818987335e+03 1.459026030485592628e+03 1.476954953757273415e+03 1.491977981824072003e+03 1.504176238399678596e+03 1.513161891819945367e+03 1.518896629736832892e+03 1.521103608530588417e+03 1.520104654897810633e+03 1.516425911687726057e+03 1.509955070102213085e+03 1.501027354359348010e+03 1.489234383237170960e+03 1.474722196614506402e+03 1.457314446811579955e+03 1.436128221008069659e+03 1.411444382620932856e+03 1.382314249645405198e+03 1.347282549535328144e+03 1.296751527710544906e+03 1.211113890335988344e+03 1.125351593388008951e+03 9.726322501185943565e+02 8.745663377201589128e+02 8.249979956063095869e+02 7.957607104513119793e+02 7.773961294219479896e+02 7.663971858987117685e+02 7.612374787320987934e+02 7.616739160750548763e+02 7.672157107828066955e+02 7.794685310869812156e+02 7.992425700678278417e+02 8.461108299536178947e+02 8.851791773218400294e+02 8.514065536722742991e+02 8.094936937267558505e+02 7.490713109288507212e+02
6.934440000141981955e+02 6.744901497859403889e+02 6.612345304941594577e+02 6.522603798013356027e+02 6.463372171130425841e+02 6.423122697211636023e+02 6.401588967467437215e+02 6.407290107291349841e+02 6.438277672420255158e+02 6.498773220534581014e+02 6.593199077986178054e+02 6.728096282541932851e+02 6.919822716578256632e+02 7.209011507739238596e+02 7.705005592355867066e+02 8.670290838493034471e+02 1.008969915795962947e+03 1.068383314533369685e+03 1.110160418177024440e+03 1.149299250465119258e+03 1.194142701193625271e+03 1.246132625758550603e+03 1.297578035660096702e+03 1.338541439870742352e+03 1.369401792056588647e+03 1.395292448176601738e+03 1.418068915604733320e+03 1.438087871950719773e+03 1.455402270232826368e+03 1.470087972448086248e+03 1.482123422394710360e+03 1.490921878420208714e+03 1.496631736865224639e+03 1.498801641636483055e+03 1.497901838339860205e+03 1.494385535759349295e+03 1.488153355480759956e+03 1.479538450303737591e+03 1.468169876776271849e+03 1.454220503042816063e+03 1.437624964292913319e+03 1.417500709090483497e+03 1.394142015585113086e+03 1.366411905928432589e+03 1.333116819665090588e+03 1.281724320284046371e+03 1.203627058194540041e+03 1.120630904232270495e+03 9.619382024613994417e+02 8.617943258559367905e+02 8.122485434998344545e+02 7.835017164583114209e+02 7.657235685624417556e+02 7.550582746145241799e+02 7.499817273752323672e+02 7.501767196482289819e+02 7.551485844410734671e+02 7.664309154459498359e+02 7.850666520984718773e+02 8.265994418301486348e+02 8.638651951672469522e+02 8.331852735206751959e+02 7.882883426015405348e+02 7.305154203347339035e+02
6.794986308984615562e+02 6.628802815101468013e+02 6.512540560112281582e+02 6.435047108078575775e+02 6.384815827051883161e+02 6.351121195053243582e+02 6.336004314867301446e+02 6.346187433631470185e+02 6.380771604503368053e+02 6.444491106418872732e+02 6.541991605610771785e+02 6.680955678053010161e+02 6.877667911039336559e+02 7.173520980281832635e+02 7.686047968874926255e+02 8.708040029704761764e+02 1.019439440428614716e+03 1.072412495114185504e+03 1.109459767699904205e+03 1.145475247981245502e+03 1.186989212429233930e+03 1.235310178268393656e+03 1.284148425596959214e+03 1.324292416576083724e+03 1.354681538233855690e+03 1.379895112154575145e+03 1.402083643987939467e+03 1.421538077012127360e+03 1.438412833203737137e+03 1.452760845327714833e+03 1.464534826921397780e+03 1.473245838401712490e+03 1.478956186169603825e+03 1.481151705173162782e+03 1.480325805703383139e+03 1.476921944846281804e+03 1.470903059272780411e+03 1.462525720852855102e+03 1.451569590278328860e+03 1.438132299156843374e+03 1.422236163737145944e+03 1.402962533586662630e+03 1.380528612762468128e+03 1.354061085265565907e+03 1.322500536416960358e+03 1.272815637500905495e+03 1.202713994207928181e+03 1.124035596430363739e+03 9.564426939709251201e+02 8.525848132047281069e+02 8.029421002734733293e+02 7.748534047720570470e+02 7.576638647790457526e+02 7.472079614979306825e+02 7.420253833182705421e+02 7.417835186010129291e+02 7.460521630231364725e+02 7.563040124541792011e+02 7.737061349638091770e+02 8.098208737552229195e+02 8.416328346609587925e+02 8.113905598035305502e+02 7.626272820914653039e+02 7.103946887690435688e+02
6.524034254481190374e+02 6.392093331236658287e+02 6.303312957822258795e+02 6.248650843559864825e+02 6.215240539850980213e+02 6.196952697133956462e+02 6.197663265008962981e+02 6.221101730515326835e+02 6.268613150315476332e+02 6.344265005993040631e+02 6.453905558564637204e+02 6.606872401047644416e+02 6.822162418536256610e+02 7.145368056499619343e+02 7.709428796161724904e+02 8.844940880269699619e+02 1.037089100103855571e+03 1.077679292308715731e+03 1.109670361348758433e+03 1.143249702151293377e+03 1.182764594181861412e+03 1.228476113986157998e+03 1.274836453434889108e+03 1.313714082111689549e+03 1.343678793889247345e+03 1.368452483043528218e+03 1.390337716100172202e+03 1.409490192652431006e+03 1.426074449855850844e+03 1.440234767984773271e+03 1.451860328803618359e+03 1.460484510588958528e+03 1.466096813137920435e+03 1.468254044286679346e+03 1.467474852219706236e+03 1.464135257802993692e+03 1.458216374493099693e+03 1.450051479561489941e+03 1.439369003438584514e+03 1.426244523457117793e+03 1.410783276541815439e+03 1.392160391818876860e+03 1.370440139088800152e+03 1.345084098637913939e+03 1.315159919313283808e+03 1.268877157015973808e+03 1.206386980403945245e+03 1.138051562841293617e+03 9.612658685570239641e+02 8.478576499562104800e+02 7.956378624458488957e+02 7.666784480866500644e+02 7.484342934126174214e+02 7.364376043053139256e+02 7.291527809676606466e+02 7.264139286913347178e+02 7.284631413922932097e+02 7.364555889599927241e+02 7.523721057046925580e+02 7.857899300444249775e+02 8.078145091546973617e+02 7.725246815574272432e+02 7.202169612514182973e+02 6.759933994973326890e+02
