-2.039336732686786320e+02 -1.891397869033651773e+02 -1.710768013601909558e+02 -1.472872230420839799e+02 -1.238446642498314674e+02 -1.044135652011375868e+02 -9.135777278944591728e+01 -7.560814422282186342e+01 -4.484454190935483098e+01 -1.428794735845239217e+01 2.919405775870000497e+00 1.927278426884270957e+01 4.360026047141630556e+01 6.245566599947537156e+01 7.191163879498357403e+01 8.212549006291206410e+01 9.555686005746744627e+01 1.107642379852824774e+02 1.279366710382482211e+02 1.490636589914124102e+02 1.687225260317714515e+02 1.836614868009121437e+02 2.010305924053756996e+02 2.187924852208550703e+02 2.292312385926501861e+02 2.405785248479373593e+02 2.543595403268395785e+02 2.617589093907240567e+02 2.647546955866413896e+02 2.724304377312353722e+02 2.792127538205344308e+02 2.769938210415078288e+02 2.676596776039353927e+02 2.601244897252510668e+02 2.497933356687038895e+02 2.338693401128868175e+02 2.140133795922288584e+02 1.911011092031301359e+02 1.712213733525371424e+02 1.556352928334271155e+02 1.405235315604938648e+02 1.223229469920414090e+02 9.916715585924785614e+01 7.334918445623357286e+01 4.255116180027000894e+01 7.239131855716774311e+00 -2.948800595897957066e+01 -6.758827214228439573e+01 -9.517009253075421782e+01 -1.233794667689612652e+02 -1.513929348005979421e+02 -1.771210822132047724e+02 -2.001872317191009643e+02 -2.231482603930175799e+02 -2.431298748304008939e+02 -2.554263091624229673e+02 -2.641634149407124710e+02 -2.691204596356215006e+02 -2.703864802026628240e+02 -2.680995841149759826e+02 -2.609026906167960078e+02 -2.512048489455085303e+02 -2.382057409008751279e+02 -2.207366756246427144e+02
-1.807684068591283619e+02 -1.538604788018241720e+02 -1.269266201668547041e+02 -1.061143329751015472e+02 -8.479799892345974399e+01 -5.509994495036315243e+01 -7.275550342093342948e+00 4.208928946036554919e+01 6.380302993654736810e+01 8.062094804506202195e+01 1.192515540805589609e+02 1.523639772987146443e+02 1.631954284587802135e+02 1.795255338963285681e+02 2.084459820867457438e+02 2.300639920649341263e+02 2.440716193505280103e+02 2.612386981815086529e+02 2.748291363356574379e+02 2.750467386361738704e+02 2.780811783942389184e+02 2.881433530618283498e+02 2.794398741401297457e+02 2.583741023647587554e+02 2.476217639941324933e+02 2.336689904837990071e+02 2.136595222781410826e+02 2.055570107132619739e+02 2.005786306738048950e+02 1.805554031439120877e+02 1.586979739275692793e+02 1.473273802991880075e+02 1.285006504074172540e+02 9.810789574789210121e+01 7.524691418311149960e+01 6.489612066360820108e+01 5.709636277294346485e+01 5.392476190558929261e+01 5.231428700977720325e+01 4.504740906637915998e+01 3.209480008924779781e+01 1.593897357162647310e+01 2.842153837801062899e+00 -4.695900465564853299e+00 -6.455885107748659202e+00 -9.265431494328774775e+00 -1.534851740306573475e+01 -2.091386674151508984e+01 -3.931041443335972474e+01 -6.731801332598701038e+01 -9.284821367280117954e+01 -1.185983630359925911e+02 -1.426371422376779208e+02 -1.563314815702696308e+02 -1.660358676480693703e+02 -1.757455749962613538e+02 -1.823511561370433185e+02 -1.914713534606038365e+02 -1.984164476177662664e+02 -1.998457710124905589e+02 -2.030280817453128179e+02 -2.050816562274544594e+02 -2.031103976178357300e+02 -1.964091309062138464e+02
-4.514917222644214689e+01 -2.692132478630275472e+01 -1.035299002100762600e+01 1.062054043301332840e+01 4.861860304392303078e+01 9.548774341846444713e+01 1.185100173305663418e+02 1.305683662015866275e+02 1.694254601389355628e+02 2.232689596891847543e+02 2.588115632959494974e+02 2.926808497608890320e+02 3.375524694629345390e+02 3.734965006167338970e+02 3.946899046002395153e+02 4.138163223488240305e+02 4.290513130362848528e+02 4.127879469966943020e+02 3.805724660481629940e+02 3.581003113341153608e+02 3.286902570729357649e+02 2.828672517593333282e+02 2.530925676216438092e+02 2.331810738781883003e+02 2.038254525854379722e+02 1.860248459435332791e+02 1.742388919779621972e+02 1.394888888698209541e+02 9.369391108401140400e+01 6.016139509994042101e+01 2.894620714416887708e+01 -1.056225445453009648e+01 -3.893508745514247238e+01 -5.183443864649810706e+01 -7.240823961065937908e+01 -1.030141528288333888e+02 -1.287510578548976525e+02 -1.498342962964688923e+02 -1.745450189530344005e+02 -1.961106337601307246e+02 -2.085663293280957760e+02 -2.065403542529913352e+02 -1.911465559124272318e+02 -1.820323959231864137e+02 -1.779354070016058813e+02 -1.609915861898260800e+02 -1.422933433756163595e+02 -1.316832756997856961e+02 -1.203301706755683824e+02 -9.236687481001159483e+01 -6.939231534819502656e+01 -5.254002881233419942e+01 -4.875360370764666129e+01 -6.245335715539552268e+01 -7.681647994105729538e+01 -8.942243893560952017e+01 -1.003401860641439924e+02 -1.020551290010971286e+02 -1.057140119305796446e+02 -1.142249279982231940e+02 -1.100708133710020320e+02 -9.711696773455503262e+01 -8.187724315308899747e+01 -6.492495942361041728e+01
-1.585424946323127244e+02 -1.690420327212260077e+02 -1.750789928376712226e+02 -1.722718966451793108e+02 -1.864209176166637576e+02 -2.051991900564013918e+02 -1.744728751334434378e+02 -1.286301211428414035e+02 -1.219159941281250497e+02 -1.090044644046957387e+02 -4.679524889760650552e+01 1.973142926791209106e+01 5.825275884252946668e+01 9.873621374029319497e+01 1.531061375021562299e+02 1.964501102404613846e+02 2.208677706690466493e+02 2.557757642114564192e+02 2.868542088205846312e+02 2.851820674131990927e+02 2.787196144352163856e+02 2.846933249864002846e+02 2.685566502671946409e+02 2.459068306494225453e+02 2.338152167683727214e+02 1.950040702746181580e+02 1.519206244677317841e+02 1.508511513583336239e+02 1.565866671635988325e+02 1.277516577420178407e+02 8.278008041418047469e+01 5.682125611049738723e+01 4.103754228863277831e+01 1.887789326316867999e+01 6.838329587435097778e+00 -7.014856131493843350e+00 -4.514688244092054958e+01 -9.426418708536228053e+01 -1.299691289001449093e+02 -1.624577306911531593e+02 -1.989711828254095280e+02 -2.374264509625449762e+02 -2.863052542095625199e+02 -3.172268648707213856e+02 -3.259624809661347058e+02 -3.456573925361770421e+02 -3.655022325391939830e+02 -3.667398609139941072e+02 -3.778585267685664348e+02 -4.053274971739970169e+02 -4.253221994061520945e+02 -4.265240248857466554e+02 -4.023896296729543565e+02 -3.466750265135676727e+02 -2.861337898414548704e+02 -2.318054315218084298e+02 -1.779140723554913279e+02 -1.447192655166972202e+02 -1.207486034613461072e+02 -9.207436935074262863e+01 -8.722835317781147069e+01 -1.042945072580249217e+02 -1.279533360714198693e+02 -1.456502080988279317e+02
-3.332971294780454059e+02 -3.619809456832361434e+02 -3.940516715627364874e+02 -4.337135900498366823e+02 -4.485505063649436579e+02 -4.425137904450619999e+02 -4.748350154345050669e+02 -4.999007576618558346e+02 -4.546929578480650775e+02 -4.163477941176083732e+02 -4.328869110415644172e+02 -4.241534656900564073e+02 -3.476293488653952863e+02 -2.641998551021598587e+02 -2.148054359713699455e+02 -1.803375842365472295e+02 -1.516764198938890331e+02 -1.447979265000903979e+02 -1.377146094050299041e+02 -8.284548316999831741e+01 -6.845859194889754917e+00 5.366815313650121766e+01 1.190630942045689267e+02 1.561709630535806070e+02 1.548018210532953844e+02 1.965741738733336490e+02 2.795110291939730587e+02 3.288294744363754489e+02 3.564727832358654496e+02 4.031110257288888761e+02 4.460924397527109022e+02 4.575394843216714662e+02 4.664053628152510100e+02 4.770107271520339509e+02 4.557976183218629558e+02 4.240225811259642796e+02 4.303488309808329859e+02 4.608251656255754938e+02 4.699878001907595149e+02 4.571786590725559449e+02 4.287131864146907674e+02 3.872104162419116165e+02 3.580447463222817532e+02 2.884026808543113134e+02 1.583322447159214335e+02 3.373101675674175226e+01 -7.423372957870770961e+01 -1.810305235604225516e+02 -2.365090040293604545e+02 -2.374166658659522113e+02 -2.219836290173403199e+02 -2.270803317927075113e+02 -2.787358871815321777e+02 -3.823132581288148799e+02 -4.809617787033466243e+02 -5.440320481699491211e+02 -5.907235198607602342e+02 -6.003666558451193396e+02 -5.858452022475202057e+02 -5.880903405128419763e+02 -5.709913898813903188e+02 -5.018591394225236400e+02 -3.991977835510774639e+02 -3.328624316121579341e+02
1.286466137614456215e+02 1.527136975516167468e+02 1.860754168958717401e+02 2.657185738128538901e+02 3.414836734940603833e+02 3.969299504310648672e+02 5.020763259506691156e+02 6.031093208034010331e+02 6.360838145574350619e+02 7.151716740954955185e+02 9.120292399482199244e+02 1.084223855830026423e+03 1.107453087674128710e+03 1.038475292423122028e+03 9.599306375039874411e+02 8.999502061676586209e+02 8.646462782683224759e+02 8.714334612124860087e+02 8.676323510768734195e+02 7.792169294357624949e+02 6.763839934318048108e+02 6.588622287124567265e+02 6.666047439014911333e+02 6.691568739816208335e+02 6.750343510828236049e+02 6.520246944680742445e+02 6.385893603036838613e+02 6.974987313467538570e+02 7.743752709640049261e+02 7.873604998976320530e+02 7.631940673725135866e+02 7.523827057226233137e+02 7.453326484384617743e+02 7.387307863720736805e+02 7.863812320666193045e+02 8.760103251208142865e+02 9.446772109068906502e+02 9.725320583672968269e+02 9.908189358028747620e+02 1.003857242382767026e+03 1.025407463240120705e+03 1.060369847035437033e+03 1.074202711764981359e+03 1.121158907711298070e+03 1.228899768923116653e+03 1.316290748877540864e+03 1.368139297737877541e+03 1.402404255041771194e+03 1.360049489991010887e+03 1.235555726152856778e+03 1.089729710625539838e+03 9.624001505901001110e+02 8.687826573185500365e+02 8.150707344690317768e+02 7.504711157314893626e+02 6.699864703388292355e+02 6.243129768829976456e+02 5.461325553816250249e+02 4.387460151929498124e+02 3.908303082995139448e+02 3.657762217140021903e+02 2.898734955641044166e+02 1.773102704601124628e+02 1.110567171565556919e+02
4.526348809827896730e+03 4.597049445635364464e+03 4.763086414910517306e+03 4.950703250455173475e+03 5.202311078866717253e+03 5.455327711710329822e+03 5.551279976467357301e+03 5.585782815405650581e+03 5.689909082555534042e+03 5.735661477460022070e+03 5.647262563119405058e+03 5.583414873884872577e+03 5.596566240349736290e+03 5.595301509847243324e+03 5.543199564631206158e+03 5.491361114236636240e+03 5.451036215099355104e+03 5.311992571415747079e+03 5.077358737236266279e+03 4.895330252750788532e+03 4.694536004162509926e+03 4.303726298684638095e+03 3.848500322907141708e+03 3.458682781195559073e+03 3.164428968183927736e+03 2.966677576426252017e+03 2.765410149920268850e+03 2.487157593922809610e+03 2.226758161603623648e+03 2.084331824572404912e+03 2.005683485810614457e+03 1.943508505099770900e+03 1.891361500619282651e+03 1.851454374505085070e+03 1.751140742378449431e+03 1.620077985211908072e+03 1.548050995915024487e+03 1.532613789465775881e+03 1.526091924393089812e+03 1.560987494535012729e+03 1.653389738362169737e+03 1.770721586312931777e+03 1.911522597718940233e+03 2.021973800125905882e+03 2.083658746767434423e+03 2.205389993284696175e+03 2.398712949163264966e+03 2.593111905666568418e+03 2.792226398740846889e+03 2.995213471889148877e+03 3.120540273578899360e+03 3.176852279269143310e+03 3.227112969997896471e+03 3.255436463159478990e+03 3.313030173898356679e+03 3.417262017760685922e+03 3.547001155095750619e+03 3.808244782534973638e+03 4.090661577564455911e+03 4.207189298024656637e+03 4.255084910137285078e+03 4.364759007729861878e+03 4.497803651404668017e+03 4.547651978135996615e+03
6.620270334655164334e+03 6.901869049276145233e+03 7.171972178407560023e+03 7.355492922097841983e+03 7.326794135962290966e+03 7.197217315813037203e+03 7.165633348724634743e+03 7.121277411613856202e+03 6.897813304272409368e+03 6.703454194364817340e+03 6.579391426516140200e+03 6.431720755800851293e+03 6.285871804594812602e+03 6.195850348028595363e+03 6.189181949621039166e+03 6.116590541164962815e+03 5.959380034712619818e+03 5.883755253167812043e+03 5.858275541562620674e+03 5.590491942039784590e+03 5.188376891163387882e+03 4.969692928662318081e+03 4.909846512663228168e+03 4.894569760860696988e+03 4.798893422196042593e+03 4.530711320143680496e+03 4.303990792669505026e+03 4.201490438910597732e+03 3.964824867235642614e+03 3.537128768664531890e+03 3.182220095211359421e+03 3.012417726219833639e+03 2.934654493932049718e+03 2.902316301955812833e+03 2.881370742708156286e+03 2.853831805317184717e+03 2.750963105983695186e+03 2.646981763652134305e+03 2.674032656578433944e+03 2.767270958230542419e+03 2.728894822572997327e+03 2.550736893264540868e+03 2.281994875816712010e+03 2.113738327139143166e+03 2.100642980472068757e+03 2.116495745222297046e+03 2.144804931688746819e+03 2.211025073001641886e+03 2.288308390033408614e+03 2.340318583375460094e+03 2.498593226203302947e+03 2.748393441765855187e+03 2.996863271246349086e+03 3.301096948194224296e+03 3.599926687027648313e+03 3.890421157503196355e+03 4.182899844929323990e+03 4.390566223904104845e+03 4.732065651464939947e+03 5.360953988646057951e+03 5.876353004816907742e+03 6.077772414393427425e+03 6.104099583719083057e+03 6.281557656777261400e+03
-5.278451249522555372e+03 -5.801786211473794538e+03 -6.368686223913051435e+03 -6.811841468652877666e+03 -7.052549599270818362e+03 -7.216625315823395795e+03 -7.298030660401320347e+03 -7.250922575556644006e+03 -7.036442323701079658e+03 -6.898569540296908599e+03 -6.735210282906818065e+03 -6.494437421941275716e+03 -6.420239846685156408e+03 -6.504307786616237536e+03 -6.647976345395670251e+03 -6.602304372001014599e+03 -6.350775636721871706e+03 -6.243381318731034298e+03 -6.144260132762931789e+03 -5.740701495831159264e+03 -5.171979120508745837e+03 -4.819404997360456946e+03 -4.759504709798266049e+03 -4.727394846547527777e+03 -4.423209292214809466e+03 -3.818695037843013779e+03 -3.298968544299802488e+03 -3.101483509097047317e+03 -2.726893682853459723e+03 -2.194779452810409566e+03 -1.930755328186884526e+03 -1.912341394102812956e+03 -1.971659456389197430e+03 -1.969457151003014587e+03 -1.909194450280207320e+03 -1.857557550044551135e+03 -1.804264406393078161e+03 -1.795172243300442915e+03 -1.940160692059692337e+03 -2.298286304220784587e+03 -2.600167836950770379e+03 -2.862319646069430746e+03 -3.019967017533962462e+03 -3.139016095476728879e+03 -3.258881393629605100e+03 -3.410221582951016899e+03 -3.692690240277403518e+03 -4.011894876660873251e+03 -4.268880752544969255e+03 -4.420856810875991869e+03 -4.557551772107928628e+03 -4.666346647827906054e+03 -4.635473037919470698e+03 -4.619779811014333063e+03 -4.530525046484433915e+03 -4.475150404208218788e+03 -4.620694660345356169e+03 -4.617018983506900440e+03 -4.764597679315838832e+03 -5.010019329791281052e+03 -5.160247569340705013e+03 -4.832278779811322238e+03 -4.410960890291849864e+03 -4.679777151575316566e+03
-3.390862301039474551e+04 -3.355311236377681053e+04 -3.287397361223935150e+04 -3.190694232141061366e+04 -3.069284118769392080e+04 -2.931607527785338971e+04 -2.798063167333181264e+04 -2.679577907024751403e+04 -2.570754666363960860e+04 -2.453289262635967680e+04 -2.335313843574508428e+04 -2.266759617313100171e+04 -2.180782945729053245e+04 -2.062078938294111140e+04 -1.940195618843196280e+04 -1.845811688832518848e+04 -1.795196362357639009e+04 -1.765325820584500980e+04 -1.725029759000870763e+04 -1.689508574056583893e+04 -1.696421468436117357e+04 -1.708894837541717061e+04 -1.695794596378210917e+04 -1.661512644176373942e+04 -1.649875577139912275e+04 -1.684874840629064420e+04 -1.711305276922029225e+04 -1.686142287631511863e+04 -1.678920325287875312e+04 -1.714612525641496541e+04 -1.728712748695732444e+04 -1.715025551111390450e+04 -1.690335580691900395e+04 -1.678342669845744604e+04 -1.698715411086876702e+04 -1.749743286123966027e+04 -1.807371449424482489e+04 -1.863294913418799479e+04 -1.925767657685488302e+04 -1.969411676985013401e+04 -1.993861842213549608e+04 -2.015893696061680021e+04 -2.043412817192074726e+04 -2.067609911830580313e+04 -2.093075324441884004e+04 -2.119995609937406334e+04 -2.113920077560201753e+04 -2.087838027694159973e+04 -2.071990230529683322e+04 -2.067928569617016183e+04 -2.072189777066879833e+04 -2.097424219882497709e+04 -2.160555147637237678e+04 -2.227108843828899990e+04 -2.318301674794477003e+04 -2.461963464644012492e+04 -2.607356079973250235e+04 -2.721579758844606476e+04 -2.779335204000143131e+04 -2.841808890925403830e+04 -2.936090627967620821e+04 -3.111874131672154908e+04 -3.314899064149193146e+04 -3.396805748442452023e+04
-3.311801761155918939e+04 -3.070072136355189286e+04 -2.838292438515681351e+04 -2.627226807507496414e+04 -2.455663298445864712e+04 -2.325515053263359732e+04 -2.227939477882059145e+04 -2.112635946977639833e+04 -1.971877425985253649e+04 -1.851005866239402167e+04 -1.802471147980373280e+04 -1.752939690676548707e+04 -1.713460624581045340e+04 -1.725512904985983914e+04 -1.739111535054539854e+04 -1.759434482418896005e+04 -1.753001297788524971e+04 -1.706057536626756701e+04 -1.677188214689223241e+04 -1.781312864745045954e+04 -1.870426386662495497e+04 -1.913698653660131822e+04 -1.952406548634602950e+04 -2.027252768729281524e+04 -2.097920783119818225e+04 -2.147474782687610059e+04 -2.219082982137269573e+04 -2.375100863112111983e+04 -2.560068151405435856e+04 -2.691250209893960709e+04 -2.809825417070086041e+04 -2.950564914605299418e+04 -3.087809033531703972e+04 -3.234590409430765067e+04 -3.380978786871890770e+04 -3.508200032761228795e+04 -3.634923166811197007e+04 -3.761128740203888447e+04 -3.845614962497178931e+04 -3.897008609845698811e+04 -3.977362644657497731e+04 -4.077255304964487732e+04 -4.169496777240405208e+04 -4.259060913502523908e+04 -4.338289116128041496e+04 -4.397037828713759518e+04 -4.478424805507194105e+04 -4.576022008866364195e+04 -4.653313253913252993e+04 -4.729095173598623660e+04 -4.800292979588532035e+04 -4.835982627067736030e+04 -4.841830318977247225e+04 -4.864038771009888296e+04 -4.897166560995204782e+04 -4.805446878925894271e+04 -4.598554678368943132e+04 -4.430835297530764365e+04 -4.343078926286247588e+04 -4.366517979980555538e+04 -4.272889408033997461e+04 -4.099144255537706340e+04 -3.854543623516244406e+04 -3.565503430884933186e+04
-1.288809408642160270e+04 -7.283546378163813642e+03 -1.771277199309740354e+03 3.517666476834043806e+03 8.322057823683644529e+03 1.222399322331489202e+04 1.535425559506573518e+04 1.725356570817349348e+04 1.801629395179431231e+04 1.817731038501138755e+04 1.805506725954834837e+04 1.670182483794717336e+04 1.370103519383555977e+04 1.133634131728390639e+04 9.586521403810047559e+03 8.367692218470585431e+03 7.159766393182216234e+03 5.106344045503416055e+03 2.815734063592462007e+03 3.155802198687839791e+03 4.366078299598524609e+03 5.356094763370341752e+03 6.097326369769906705e+03 6.406461187170732956e+03 6.040644285326708086e+03 5.081399014715075282e+03 4.596553788908376191e+03 5.028295804767195477e+03 6.462182762667331190e+03 6.854333721037953183e+03 6.103312715968811062e+03 5.006123415550717255e+03 3.130820871276947400e+03 5.534428197420393190e+02 -2.432631882677975682e+03 -5.953280571310989217e+03 -9.738689385142624815e+03 -1.374185666295550800e+04 -1.759712060912790548e+04 -2.155545027801764081e+04 -2.532271943576374179e+04 -2.874599796278654685e+04 -3.175442448795792370e+04 -3.411193110680896643e+04 -3.638881371675129776e+04 -3.865815186787005950e+04 -4.062024160999378364e+04 -4.225255258183042315e+04 -4.364054903204012953e+04 -4.454426907179449336e+04 -4.492167801835715363e+04 -4.506352644802923896e+04 -4.482459392969132750e+04 -4.409780797814486868e+04 -4.263137361491263437e+04 -4.092988828830381681e+04 -3.987274630608011648e+04 -3.859915216153505753e+04 -3.588205401336149953e+04 -3.269155184844738687e+04 -3.172918626337907335e+04 -2.883015813921227891e+04 -2.263695176942498802e+04 -1.788634938575373235e+04
1.051461149625615235e+03 9.349559029404528701e+03 1.890952921039903958e+04 2.854020109873125693e+04 3.737040318338351062e+04 4.502733155011014605e+04 5.135231617026210006e+04 5.664082976857265021e+04 6.115178030550930271e+04 6.484286661566683324e+04 6.773921967664209660e+04 6.964506806844889070e+04 7.016848960194345273e+04 6.956763317126900074e+04 6.783674240002337319e+04 6.530857391632009239e+04 6.218336541555007716e+04 5.961881924699293450e+04 5.775235003071560641e+04 5.549899057934095617e+04 5.275868120009982522e+04 4.945636743235430913e+04 4.647783720729935885e+04 4.467972350583142543e+04 4.438025694141296844e+04 4.661044011913613940e+04 4.970325733231433696e+04 5.108594980848717387e+04 5.168534701698429126e+04 5.219686642398871481e+04 5.261447939735937689e+04 5.251869366931048717e+04 5.200452797199240740e+04 5.108359287396661966e+04 4.991544574302789988e+04 4.782089179850384244e+04 4.445877579159049492e+04 4.006123612031142693e+04 3.470078404249659070e+04 2.900378929199482445e+04 2.393266779377116109e+04 2.042037768131765188e+04 1.753880015967080544e+04 1.478090716736607283e+04 1.277273407384189159e+04 1.141850113552238508e+04 1.077940395839608391e+04 1.054760878524374311e+04 1.084817443854148405e+04 1.132887071095641659e+04 1.172144816967049701e+04 1.190024098421906638e+04 1.211772239025400268e+04 1.240019074716226169e+04 1.230208107896858382e+04 1.075644294894493032e+04 7.092626801115648050e+03 2.524637789778968909e+03 -5.795570493897081178e+03 -1.428555811963275482e+04 -1.065913014265837955e+04 -6.119604310848379100e+03 -7.384661685589005174e+03 -4.897090933826555556e+03
2.206436985396243836e+04 2.714821478031328297e+04 3.397805609225305670e+04 4.202394105335033237e+04 5.079346258413374744e+04 6.022685584543859295e+04 6.954070122529163200e+04 7.828852011673166999e+04 8.606765602776480955e+04 9.298200601872015977e+04 9.867263057327110437e+04 1.039889641468997870e+05 1.093773287586256192e+05 1.137722249675178464e+05 1.168954792412384850e+05 1.188976996678193827e+05 1.201268314758379274e+05 1.204905333905040316e+05 1.207654569567907311e+05 1.203705496805700532e+05 1.196358066617809964e+05 1.186782259330110101e+05 1.169688623711318942e+05 1.140676647120545531e+05 1.100484272268191417e+05 1.044533885545734374e+05 9.688685341963332030e+04 9.102574805628610193e+04 8.547211334319284651e+04 8.123138535150499956e+04 7.853969842256384436e+04 7.705710323266235355e+04 7.685512633027505944e+04 7.695179905713710468e+04 7.702743257940153126e+04 7.685702652926174051e+04 7.593369508068410505e+04 7.409902045372505381e+04 7.154344361223941087e+04 6.849311694839030679e+04 6.470868590572121320e+04 6.017340972575483465e+04 5.542001325030429871e+04 5.074343970494633686e+04 4.600411951146105275e+04 4.211801590832437068e+04 3.905219760732410214e+04 3.655928484397743159e+04 3.529989464481029427e+04 3.527018832896475215e+04 3.650809952604022692e+04 3.930627266998024425e+04 4.412421536473807646e+04 5.080941194881067349e+04 5.942429462722373137e+04 6.923863475094836031e+04 7.539435401549399830e+04 7.082174750226479955e+04 6.119112998264913040e+04 4.585814122042417148e+04 1.812794377896876540e+04 7.468282379801782554e+03 1.303407526387863436e+04 1.762960288610945281e+04
5.279424111305800761e+04 4.872691239754347771e+04 4.750949387029123318e+04 5.017419527297025343e+04 5.670351480684707349e+04 6.578123260623725946e+04 7.596404587690523476e+04 8.598066562056183466e+04 9.518831688110242249e+04 1.040961070259424596e+05 1.127594496718586452e+05 1.216220986868573818e+05 1.308878027824508608e+05 1.391979221548490750e+05 1.463340923963494424e+05 1.524430859344281198e+05 1.577503611273855495e+05 1.620279368678714673e+05 1.657871570885253022e+05 1.685454507683820848e+05 1.706664424033465912e+05 1.726299880778893421e+05 1.741450490609981061e+05 1.750737858800651447e+05 1.749641936813865614e+05 1.732936796416117577e+05 1.697117034190838458e+05 1.648262840718670923e+05 1.592618013518947409e+05 1.538176382098646136e+05 1.490801046163918800e+05 1.450577461520584766e+05 1.419694172106496699e+05 1.392789733857587271e+05 1.367002683762437373e+05 1.342483475843056221e+05 1.318179509704813827e+05 1.292441041993739636e+05 1.263170528345764615e+05 1.231022668857453682e+05 1.196082151643911202e+05 1.155708363264055952e+05 1.111945905064457329e+05 1.064863926158585818e+05 1.016257771036860504e+05 9.666750173635134706e+04 9.143839323067195073e+04 8.623970161025148991e+04 8.126485633472588961e+04 7.664598870953188452e+04 7.339471153794601560e+04 7.205666643131471938e+04 7.267089423154764518e+04 7.582950599276275898e+04 8.278147872579371324e+04 9.491748892057567718e+04 1.120565025234771165e+05 1.246279037014509231e+05 1.254820384454133891e+05 1.216350463682958070e+05 1.090454418955276924e+05 7.735136702955047076e+04 5.683356845845605130e+04 5.411780701619717729e+04
9.981866555945696018e+04 1.034373948172508390e+05 1.073313105551636399e+05 1.096705539354634093e+05 1.116426906560516800e+05 1.141991161664114043e+05 1.177156640813965932e+05 1.225180770884155354e+05 1.292741197128706990e+05 1.376765929959659989e+05 1.464666714478603681e+05 1.554140652194488794e+05 1.647075774287961831e+05 1.735350493307735305e+05 1.816505722296614549e+05 1.890848306162900990e+05 1.959411908940664725e+05 2.018613603609397542e+05 2.070239143072339066e+05 2.109520133344142232e+05 2.140216113965978730e+05 2.167693834109869495e+05 2.189928318699836382e+05 2.208244386217670690e+05 2.218183704299277742e+05 2.213582565398522129e+05 2.197697134487248259e+05 2.170442731794282154e+05 2.130863602965636528e+05 2.087457305575233186e+05 2.044404916011383757e+05 2.000031225035982498e+05 1.956889312768193777e+05 1.914674403566497494e+05 1.873933487874350394e+05 1.836037377971373498e+05 1.800029749346792523e+05 1.763570682939243270e+05 1.726415291277721117e+05 1.690236926848133444e+05 1.652947871575727477e+05 1.612616597898088221e+05 1.571079893665992422e+05 1.528256059017709631e+05 1.483069854942521779e+05 1.432257013278667291e+05 1.377556057456889539e+05 1.320251400755540235e+05 1.263881667705636501e+05 1.200977080527928047e+05 1.137543674993497407e+05 1.080346205862977949e+05 1.032424612136069918e+05 1.006105664079591661e+05 1.021578518527783017e+05 1.108734462761131581e+05 1.293023439941115939e+05 1.511919608279410750e+05 1.652862056217764330e+05 1.732103323038365634e+05 1.794256247417263512e+05 1.696066819056993118e+05 1.375349708892527560e+05 1.088735956076467119e+05
1.798765889456854493e+05 1.639110988369966799e+05 1.582504057730752684e+05 1.603853834063504473e+05 1.651893673743762483e+05 1.706406570072447066e+05 1.765531973349734035e+05 1.829329660355649539e+05 1.900022383843802381e+05 1.981179204548536218e+05 2.059724258240218041e+05 2.129225438598936598e+05 2.192520956963589415e+05 2.245590254150252440e+05 2.290841720525287965e+05 2.332525696923995856e+05 2.373730899686696357e+05 2.412824627978415228e+05 2.447526497149743664e+05 2.473974354874714045e+05 2.494657090402158792e+05 2.513118532927441702e+05 2.528108296553560067e+05 2.542408836029205413e+05 2.552585336142040615e+05 2.554418585243563866e+05 2.553704141225876228e+05 2.545618314755123574e+05 2.525756023540956958e+05 2.500273218910952564e+05 2.470831327561346116e+05 2.435746614443535509e+05 2.396155158461521787e+05 2.354813236001314071e+05 2.311790173615273088e+05 2.270635903406136786e+05 2.231952839846249844e+05 2.194680411817606073e+05 2.160145389217342308e+05 2.128501637252887012e+05 2.096174982948894030e+05 2.063863070000172593e+05 2.031546811782459554e+05 1.998384362983090396e+05 1.963537265496540640e+05 1.924348875041539432e+05 1.882257324952642375e+05 1.838013726105772657e+05 1.792252297742226219e+05 1.738673132146454882e+05 1.681749283762279374e+05 1.620885479897647747e+05 1.557192668309972214e+05 1.497395173306375509e+05 1.448618223241033556e+05 1.431533738707603770e+05 1.518918701523300842e+05 1.733271892851803277e+05 1.917916451022958208e+05 2.050174289422784059e+05 2.191187042639023566e+05 2.293275869424280827e+05 2.238661101310017693e+05 2.052297588582539174e+05
2.641401698862856138e+05 2.530006739185977203e+05 2.429940643346423749e+05 2.373603302582011383e+05 2.360890061501443852e+05 2.377550742104093661e+05 2.410583438418586156e+05 2.450113055752064975e+05 2.492917434679617581e+05 2.541607710929538298e+05 2.591783665465458180e+05 2.641551911675252486e+05 2.688945861424249597e+05 2.726122341598230414e+05 2.752777878838723409e+05 2.772148712981886347e+05 2.786882376019024523e+05 2.797273063049293123e+05 2.804379073390495614e+05 2.805421253731662291e+05 2.802666316672050743e+05 2.799039897881170618e+05 2.793291347375974874e+05 2.788916695260833949e+05 2.784669176847241470e+05 2.776662091192455846e+05 2.775129659839866217e+05 2.774331176658631884e+05 2.766548761800453649e+05 2.755146976591086132e+05 2.737572704556180397e+05 2.711659712813959923e+05 2.677300293567862245e+05 2.639887292590296711e+05 2.598073668077947805e+05 2.557176092503618274e+05 2.520180756663706561e+05 2.488125047476386244e+05 2.461605963050084247e+05 2.439100518404771283e+05 2.416124093380624254e+05 2.395441662487792491e+05 2.377904747661840520e+05 2.358979014567512204e+05 2.338678428512898681e+05 2.315815884337424650e+05 2.290299569659720291e+05 2.261928124305266538e+05 2.229533926101254765e+05 2.189850189793367172e+05 2.146076420697277936e+05 2.097001350225771312e+05 2.040306940357393469e+05 1.969788334993213066e+05 1.873869045022364880e+05 1.758675785100662324e+05 1.702875511453855142e+05 1.863142904444182350e+05 2.093627947206103709e+05 2.253487320712186047e+05 2.422396065183205646e+05 2.617863018359237758e+05 2.732625497942707152e+05 2.737510027061091969e+05
3.159125174173105042e+05 3.149929932872313075e+05 3.116435062236629892e+05 3.086501652699084370e+05 3.070280632427225937e+05 3.068274071467972244e+05 3.078680092069029924e+05 3.095525266947358032e+05 3.116702539409085875e+05 3.144217468566246098e+05 3.178429204318490811e+05 3.219067861072560772e+05 3.257568591419395525e+05 3.280738087432135944e+05 3.285119355098248925e+05 3.273367921184615116e+05 3.250349959914156352e+05 3.216212030794985476e+05 3.176864626538124285e+05 3.132197152117502410e+05 3.085052872780320467e+05 3.040723026501429267e+05 2.999232890420741169e+05 2.964394673414317658e+05 2.937003865011272719e+05 2.913257516008507228e+05 2.904626954850098118e+05 2.904353481389515800e+05 2.903587357226499007e+05 2.903093435164215043e+05 2.897358373920198064e+05 2.882395519712917740e+05 2.857246987863261602e+05 2.829328996345137712e+05 2.798057185630853637e+05 2.769167860034910846e+05 2.744891976919682347e+05 2.726824583178993198e+05 2.715781830075701000e+05 2.710694810696925269e+05 2.706521058691890212e+05 2.703625324696335010e+05 2.704223842059715535e+05 2.705752428843035013e+05 2.707258855551753659e+05 2.706318502292252379e+05 2.701677654813415138e+05 2.691942058726411778e+05 2.674843015204306575e+05 2.648881310104371514e+05 2.615339513758572284e+05 2.569785645700405585e+05 2.501360643333444605e+05 2.396153013066363637e+05 2.254555526077571849e+05 2.095037362688477151e+05 1.931717207484952814e+05 1.945973556824673724e+05 2.218318551922236511e+05 2.406591386150891194e+05 2.574889346215362893e+05 2.802122653455100954e+05 3.001568972871508449e+05 3.124913655816873652e+05
3.473429021769223036e+05 3.541818794424035004e+05 3.571622875293151010e+05 3.584918782407831750e+05 3.592116857459753519e+05 3.597456880268591922e+05 3.604275324981868034e+05 3.611989192441088962e+05 3.620552371682512457e+05 3.634586307409344008e+05 3.651972294508177438e+05 3.671223409475819790e+05 3.693536999146481394e+05 3.708872218383263098e+05 3.708893649961674819e+05 3.690522915295153507e+05 3.658726102611455717e+05 3.603371736158179701e+05 3.534777710365254316e+05 3.457152059502191842e+05 3.376360424296453130e+05 3.295583090855534538e+05 3.217081302985743387e+05 3.149866810941010481e+05 3.097720270485170768e+05 3.061698117825582158e+05 3.051634191682987730e+05 3.053200946699175984e+05 3.058634397202241817e+05 3.067488701838472625e+05 3.069903171420281287e+05 3.062250555800796137e+05 3.042575441103008343e+05 3.019739899511112599e+05 2.993955300810665940e+05 2.973136830465420499e+05 2.958752517936878139e+05 2.951580085366216372e+05 2.952896955192813766e+05 2.960916096466375166e+05 2.970640549914908479e+05 2.981678913695348892e+05 2.995727341073972057e+05 3.011087124163424596e+05 3.027380917656029342e+05 3.041045276293157949e+05 3.050896708200474386e+05 3.055724141908793827e+05 3.050638623046776047e+05 3.032229517090124427e+05 3.001522328622530913e+05 2.954363395958831534e+05 2.883033502658450161e+05 2.782109082595173968e+05 2.641696707597338827e+05 2.451815164904552221e+05 2.216060905340872996e+05 2.016988685988937505e+05 2.252814281241151039e+05 2.495265305377267941e+05 2.669685736588129075e+05 2.913080580615987419e+05 3.159965625052154064e+05 3.354860142267145566e+05
3.660692033065214055e+05 3.785270774000029196e+05 3.865293991090898635e+05 3.918506245628074394e+05 3.954391019629488001e+05 3.978483540000040084e+05 3.996500446297297603e+05 4.010629399738520151e+05 4.022196896220051567e+05 4.034271079560799990e+05 4.046117516710698255e+05 4.059934382166122086e+05 4.075045032108086161e+05 4.083044616254818393e+05 4.077856573933120235e+05 4.053087158221169957e+05 4.011784770373864449e+05 3.934062172687929706e+05 3.832458142652402166e+05 3.716185750624964130e+05 3.594404105995350983e+05 3.470799214358476456e+05 3.350626296506335493e+05 3.246009905682718963e+05 3.163240323133304482e+05 3.104156445305575035e+05 3.080803745292408275e+05 3.078261370427235379e+05 3.086654145703490358e+05 3.102309262932551210e+05 3.112083157555960934e+05 3.112060270602378296e+05 3.100406508467681124e+05 3.086878093424763065e+05 3.072519717384158284e+05 3.065963402592424536e+05 3.068651083737478475e+05 3.081234516012971289e+05 3.103163017665764201e+05 3.131392098355981871e+05 3.160264242115379311e+05 3.189511523792979424e+05 3.220546089570486220e+05 3.252244004495231784e+05 3.284973510060925619e+05 3.315400463912300183e+05 3.341699772850863519e+05 3.363042937717993045e+05 3.372583342729408760e+05 3.365286200382274692e+05 3.342311768615842448e+05 3.299819713084883988e+05 3.232510835649201763e+05 3.131114413767139195e+05 2.982940279103067005e+05 2.769517440844115335e+05 2.458590019513305451e+05 2.110241901701203315e+05 2.218824609678952838e+05 2.548372548004175769e+05 2.725656820132745197e+05 2.969949769682578626e+05 3.243759237108250381e+05 3.485290453734853072e+05
3.784958892046924448e+05 3.949750025201434037e+05 4.067451338988324278e+05 4.152738254860151210e+05 4.214188811158687458e+05 4.258141154788288404e+05 4.291522482262103003e+05 4.317436639102528570e+05 4.337273006815828267e+05 4.353601204168516560e+05 4.366805185503343237e+05 4.377249746631755843e+05 4.386422205936020473e+05 4.388607367467533913e+05 4.377501440855069668e+05 4.345828171051717363e+05 4.298881389291964006e+05 4.207840616118941689e+05 4.080292182916959864e+05 3.927851499343407922e+05 3.764559325126018957e+05 3.599678086576849455e+05 3.445866311063448084e+05 3.317304237583592185e+05 3.216328729039807804e+05 3.145568034195232322e+05 3.114410828577207867e+05 3.105047029228121974e+05 3.111494557830581325e+05 3.127480932006213698e+05 3.136892769699785858e+05 3.136234069263398997e+05 3.125957770593750756e+05 3.117713151002238737e+05 3.111572295411871164e+05 3.116623535478055128e+05 3.134657301394603564e+05 3.164656751048244187e+05 3.204344400985835236e+05 3.250526321211650502e+05 3.296947696657415363e+05 3.344498522991921054e+05 3.394109791444662842e+05 3.444330876502506435e+05 3.495396257410751423e+05 3.544099193381265504e+05 3.588761919969646842e+05 3.629227449242337025e+05 3.656261186903656344e+05 3.662295354937434895e+05 3.648894355564205907e+05 3.612675080332123907e+05 3.548793002167354571e+05 3.449197235573384096e+05 3.306800411464930512e+05 3.086692717819832033e+05 2.759990703157428652e+05 2.352131822580885491e+05 2.162955032495581254e+05 2.558983287209833506e+05 2.757890325174524332e+05 3.001200722062351997e+05 3.293653284385316656e+05 3.568598666207431233e+05
3.861505123544894741e+05 4.055620617053841706e+05 4.200239865700999508e+05 4.309630537289223284e+05 4.391304860633201315e+05 4.452240235691840062e+05 4.499535476769786328e+05 4.537157846256006742e+05 4.567241716132545844e+05 4.590763918403604766e+05 4.608053857545398641e+05 4.619375443442780524e+05 4.627166040045598056e+05 4.625588304733172990e+05 4.611996463154036319e+05 4.579956991107687354e+05 4.533679945926227374e+05 4.430431927484963089e+05 4.260896313036479405e+05 4.041940435567720560e+05 3.808640044480107026e+05 3.586832621454375330e+05 3.396260090974104824e+05 3.252084499621698051e+05 3.149960630638989387e+05 3.082526663089907379e+05 3.057095298496819451e+05 3.054157842655046843e+05 3.070218721233798424e+05 3.096184696095652762e+05 3.111700464146629092e+05 3.113782338906541700e+05 3.104508661914527765e+05 3.100185508295868058e+05 3.102476514131063013e+05 3.118641855034942855e+05 3.150268876577985939e+05 3.196560737767436076e+05 3.254391880143910530e+05 3.318211828850411694e+05 3.381950956705557182e+05 3.447229546981640742e+05 3.514675629121773527e+05 3.582578573752674274e+05 3.651423024680042872e+05 3.718455786241447204e+05 3.782381969660086324e+05 3.843625241727696848e+05 3.889666435373333516e+05 3.909542588535093237e+05 3.905706066516533610e+05 3.876736613645238103e+05 3.818096233182783471e+05 3.724138571187925991e+05 3.579382603343441151e+05 3.354612387107595569e+05 2.983131109063821496e+05 2.506533850461389520e+05 2.034998864617072395e+05 2.490334234735385107e+05 2.778822885923174908e+05 3.019341258342390065e+05 3.319827845736419549e+05 3.617318451203195145e+05
3.951713948266441002e+05 4.171995667415069183e+05 4.340377971464099246e+05 4.470309677069538739e+05 4.569703651869488531e+05 4.645607996674676542e+05 4.705695759998526773e+05 4.754576184453807073e+05 4.794293869750270387e+05 4.825687341780814459e+05 4.847318840459316270e+05 4.859248915438025724e+05 4.863632319578020251e+05 4.853989152536300244e+05 4.827313721858406207e+05 4.779412705258199130e+05 4.716077865124660311e+05 4.593002328621511115e+05 4.397001715873580542e+05 4.129762186503917328e+05 3.829366496095228358e+05 3.545876010435050703e+05 3.315510171379928361e+05 3.151991454873466864e+05 3.042805542606594390e+05 2.976157017448470579e+05 2.956050402324265451e+05 2.962348569274342153e+05 2.988225038909309078e+05 3.022496841663290397e+05 3.044519608423245372e+05 3.052205973735513981e+05 3.048394292695881450e+05 3.051672632346112514e+05 3.064511594906061073e+05 3.094262112205513404e+05 3.140680119714409811e+05 3.202229217344776844e+05 3.276492337525907787e+05 3.357923488830426359e+05 3.439398555158551899e+05 3.521038917995331576e+05 3.604393039546600776e+05 3.689052575206724578e+05 3.775221804507967317e+05 3.859781557270133635e+05 3.942109760682861088e+05 4.024085326646742178e+05 4.090843430822527735e+05 4.126832593570048339e+05 4.135322620830078959e+05 4.116522524381445837e+05 4.066278661358844256e+05 3.977923656911820290e+05 3.835479154212605790e+05 3.604415821019987343e+05 3.217330937635241426e+05 2.739095215413781698e+05 2.105649601720584615e+05 2.396183694771099254e+05 2.824354069374901010e+05 3.059512363203742425e+05 3.364523488798197941e+05 3.680347502020329121e+05
4.004940283708026400e+05 4.247218055677708471e+05 4.436452558768012095e+05 4.584660421689622453e+05 4.699947980612152605e+05 4.789416763421819196e+05 4.861598051852890640e+05 4.921067114742147969e+05 4.968957889769740868e+05 5.003949458377098199e+05 5.026178784116670140e+05 5.030388285748420167e+05 5.018003939541580039e+05 4.987260654216540279e+05 4.929211190288935904e+05 4.844082018038651440e+05 4.741643176792073646e+05 4.573127557964469306e+05 4.351055309533811524e+05 4.061953004692518152e+05 3.730660884507156443e+05 3.418168982272078865e+05 3.177118441386402701e+05 3.013162509042961756e+05 2.904235273647154681e+05 2.836396865244956571e+05 2.820728887570127263e+05 2.838851085327244364e+05 2.879603896655932185e+05 2.923408584686285467e+05 2.949589035586729296e+05 2.960432117461370653e+05 2.961678041424174444e+05 2.971685109785888926e+05 2.993726672367209103e+05 3.036711413644690765e+05 3.099435267543263035e+05 3.178377725906062406e+05 3.268861298190807574e+05 3.366451635338843334e+05 3.464719123895144439e+05 3.563557625104971812e+05 3.664022655065011932e+05 3.765445257288964931e+05 3.868960576069364906e+05 3.971748859039337258e+05 4.072887893660687841e+05 4.175774439204391674e+05 4.264628651848559384e+05 4.318202054299627198e+05 4.340096664554175222e+05 4.331107737464406528e+05 4.287314652681851876e+05 4.201733409583077300e+05 4.058365779936204199e+05 3.825113141754501848e+05 3.459494724125733483e+05 2.929818631466382649e+05 2.157474222558896290e+05 2.135402997781902959e+05 2.792450414261828410e+05 3.068804064755213913e+05 3.381634353152849944e+05 3.713729184279203764e+05
4.080278043480429915e+05 4.341007716805563541e+05 4.548294160453149234e+05 4.712367316361341509e+05 4.840965149250626564e+05 4.940933815530922730e+05 5.021633864585145493e+05 5.088175473841469502e+05 5.139241005654337350e+05 5.173654491957958671e+05 5.188903890030913171e+05 5.174843547947354964e+05 5.139552289091227576e+05 5.084082629886089708e+05 4.983358732723573921e+05 4.845718053313605487e+05 4.695982802614188986e+05 4.477923061973546282e+05 4.220846012139752274e+05 3.915586353223719634e+05 3.584846878685934935e+05 3.281601292785521364e+05 3.044542352391607710e+05 2.879282102674071793e+05 2.768650152226706850e+05 2.699892341753500514e+05 2.687534258299069479e+05 2.713797895432983059e+05 2.766817075673378422e+05 2.820301927738898084e+05 2.850070682524110307e+05 2.862638186325562419e+05 2.867885941221288522e+05 2.884084363717364031e+05 2.913540826710713445e+05 2.965915375866942341e+05 3.040756055226407479e+05 3.133903117350112880e+05 3.239370513729630038e+05 3.351301415281761438e+05 3.463549898249730468e+05 3.577369413109438028e+05 3.693936358320356812e+05 3.811837829903928796e+05 3.932249213020266616e+05 4.052634289420804125e+05 4.172539613235304714e+05 4.296478935688838246e+05 4.407961426561751869e+05 4.479502427074561128e+05 4.514882381768822088e+05 4.515871824822216877e+05 4.479816818424253725e+05 4.400725734094876098e+05 4.261269972361460095e+05 4.028083412093689549e+05 3.644740659823380993e+05 3.020048974841485033e+05 2.276272859742674627e+05 1.960741450674023945e+05 2.750037488152305014e+05 3.106428858957322664e+05 3.430091666967690689e+05 3.773297768256957643e+05
4.137890511207961245e+05 4.414121570250252844e+05 4.637280850845335517e+05 4.816183429441908374e+05 4.956552694707079208e+05 5.066275789170263452e+05 5.154863719211003045e+05 5.224384821690102690e+05 5.270381241939816391e+05 5.286305431340028299e+05 5.275223894717586227e+05 5.233645281965144677e+05 5.170839983154211077e+05 5.062124566718253773e+05 4.913855082736995537e+05 4.739162859412368853e+05 4.546246153148323065e+05 4.283508187725908938e+05 3.980136977345935884e+05 3.654366520166916307e+05 3.332615622058913577e+05 3.056574658541744575e+05 2.838162502145079197e+05 2.674152935514251003e+05 2.571022091934347118e+05 2.517937372379806475e+05 2.524569266286007478e+05 2.570616374079001253e+05 2.638887984910651576e+05 2.701117150702907820e+05 2.736411950930928579e+05 2.753004136198848719e+05 2.762117124991260353e+05 2.784245967381019145e+05 2.823682069767162320e+05 2.887248195112944813e+05 2.972861536363901687e+05 3.077726559985491913e+05 3.196423389180185623e+05 3.321160033030554769e+05 3.446101284333233489e+05 3.573156352871553390e+05 3.703612094321092591e+05 3.836101391883150209e+05 3.972026353038809029e+05 4.108706107192284544e+05 4.246465146067168098e+05 4.391487872125385329e+05 4.526823806790628005e+05 4.617011064536253107e+05 4.665995101539875031e+05 4.677369871864890447e+05 4.649362845588545897e+05 4.575545507112109335e+05 4.437038169954579789e+05 4.200789339548937860e+05 3.827941461026141187e+05 3.237244937687161728e+05 2.392963448772032280e+05 1.785333396535307693e+05 2.604840893361879862e+05 3.113096400534881977e+05 3.461167931697582244e+05 3.818705130086395657e+05
4.210474874479027349e+05 4.500596261931686895e+05 4.733909065359511878e+05 4.922145820308608236e+05 5.070646393165735062e+05 5.186743760580694070e+05 5.275178325209497707e+05 5.331319614161418285e+05 5.356084895463931607e+05 5.341923113293261267e+05 5.297295465778398793e+05 5.233033699815726723e+05 5.133339977716126014e+05 4.990216358305331669e+05 4.815200711056755972e+05 4.583023561530853622e+05 4.330921753403431503e+05 4.002379758761237608e+05 3.656043958600254846e+05 3.329279808506026166e+05 3.030264791842539562e+05 2.791523601647077594e+05 2.602148891898753354e+05 2.456087811857252382e+05 2.365360288661126688e+05 2.332881936112904514e+05 2.364836918957907765e+05 2.432458251990904973e+05 2.514961907411708380e+05 2.583444754207757360e+05 2.621269311251606559e+05 2.639398581116473651e+05 2.651177526454453473e+05 2.677902455847924575e+05 2.725613348461157293e+05 2.801265406525100116e+05 2.899035522725017508e+05 3.015225919988658279e+05 3.145172764660889516e+05 3.282242752894276637e+05 3.420040843395348638e+05 3.559668794713146053e+05 3.702799862668911228e+05 3.848921906825960032e+05 3.999386718552247039e+05 4.151049019571780809e+05 4.305072823298572912e+05 4.469651123209004872e+05 4.628473918098716531e+05 4.736690690460884944e+05 4.798353128470403026e+05 4.818825226699399645e+05 4.797441170923240134e+05 4.727898756741643301e+05 4.591901084418953396e+05 4.361019288819005014e+05 3.996146613389524282e+05 3.302972328712873859e+05 2.415559548263254692e+05 1.697975192518678668e+05 2.392984764264513215e+05 3.084234874163047061e+05 3.486913167643556371e+05 3.874746525060021668e+05
4.256871149601626676e+05 4.563360863077746471e+05 4.807290915177455754e+05 5.003244262985896785e+05 5.151951238780234125e+05 5.261030431696807500e+05 5.330514844498720486e+05 5.362346643120327499e+05 5.359395698797205696e+05 5.289552913254875457e+05 5.199017004813669482e+05 5.084847930425440427e+05 4.918281670242504915e+05 4.715002420582355699e+05 4.479626045661702519e+05 4.203562642843457288e+05 3.916095811570789083e+05 3.559389877965523046e+05 3.212207463095519342e+05 2.899738510930539342e+05 2.627219374894063803e+05 2.415403340454125719e+05 2.250482636909514840e+05 2.143528588958356122e+05 2.098313143990952813e+05 2.109370174999906158e+05 2.183612187645512167e+05 2.280617592636726040e+05 2.381916468258075474e+05 2.458365586281843134e+05 2.496292068644640676e+05 2.515732205045107403e+05 2.534180927693978301e+05 2.568668397844599676e+05 2.623968840158843086e+05 2.708350058458861313e+05 2.816465028968002880e+05 2.943192199766071863e+05 3.083394957110618125e+05 3.231445998709318810e+05 3.380880545325503917e+05 3.533133015237341751e+05 3.689383930129464134e+05 3.849284278433813597e+05 4.014235837792661041e+05 4.180880507760252804e+05 4.350839493774831062e+05 4.533875724712476949e+05 4.715233369560885476e+05 4.840899629452512600e+05 4.914739489430701942e+05 4.944143426903530490e+05 4.929674654126449605e+05 4.866075384348108200e+05 4.737064153011498856e+05 4.513589346217782586e+05 4.148000181355461245e+05 3.520589591813648585e+05 2.540859928925092099e+05 1.733758663808366691e+05 2.197477459939138789e+05 3.018785230655976338e+05 3.485109019450484775e+05 3.901771704898150638e+05
4.263870255747222691e+05 4.591828056567462045e+05 4.852615073216871824e+05 5.050159897725088522e+05 5.190140575570031651e+05 5.275526135890965816e+05 5.305658967252593720e+05 5.296697236181683838e+05 5.251119898612202378e+05 5.155381901117367088e+05 5.041158148817261099e+05 4.897451874333419255e+05 4.694797169912248501e+05 4.450369380645583733e+05 4.165681877347680856e+05 3.832761721575729898e+05 3.473473899807973648e+05 3.078343128453767858e+05 2.717626049535864731e+05 2.411280020247508946e+05 2.173271938380064385e+05 1.985041512664565817e+05 1.838954255444274168e+05 1.772907987711433670e+05 1.789179456377501483e+05 1.865182448364419106e+05 1.991966015804185881e+05 2.126939802104154951e+05 2.244356350566691835e+05 2.327383977967184037e+05 2.366927663468726678e+05 2.385746753392271057e+05 2.408190985089411843e+05 2.451017808081653202e+05 2.517389253714556398e+05 2.611935687576989294e+05 2.730162173754287069e+05 2.868064428538910579e+05 3.019778305021810811e+05 3.178073496261084219e+05 3.337206918390729697e+05 3.500193490554532036e+05 3.668475290499772527e+05 3.841190463975137682e+05 4.019845247501629638e+05 4.201367311220893171e+05 4.387522374414028018e+05 4.588909355220246944e+05 4.792459640802881331e+05 4.934912820025783149e+05 5.020269137640018016e+05 5.058180928372980561e+05 5.050621662603281438e+05 4.993454604874830693e+05 4.871832831197103369e+05 4.658550525359966559e+05 4.307633861547624692e+05 3.612984510354769300e+05 2.518586638984884485e+05 1.716656284203569521e+05 1.952273775821942545e+05 2.856465262200577999e+05 3.416688492667411338e+05 3.879549097567712888e+05
4.221631795352795161e+05 4.564351232315978850e+05 4.827542187344460981e+05 5.013750495163243613e+05 5.128230448942477233e+05 5.185607389424682478e+05 5.180798922870759270e+05 5.128027726491888752e+05 5.040132695030753384e+05 4.918561150685344473e+05 4.756141874559318530e+05 4.522633703528313781e+05 4.257028719587106607e+05 3.965050589122625533e+05 3.622448820057192934e+05 3.248937377609351533e+05 2.862207385610272759e+05 2.471606133500651631e+05 2.129928048269740539e+05 1.858582837186179531e+05 1.665170710199260793e+05 1.507601387304345262e+05 1.408325018092617102e+05 1.399092401217027218e+05 1.480422140979875694e+05 1.622276843858094362e+05 1.796052528209245647e+05 1.962596760559696413e+05 2.091404800510180939e+05 2.176531616206150502e+05 2.212847425285918289e+05 2.230276374175226374e+05 2.256568984083551913e+05 2.307397720319874934e+05 2.386428961374920618e+05 2.497529605030728271e+05 2.630307067192772520e+05 2.780614544950342970e+05 2.945077119457179797e+05 3.115960168928370113e+05 3.286707787076800014e+05 3.461012599483915255e+05 3.641667003128608922e+05 3.827368039544105995e+05 4.019555045330288121e+05 4.215604715547402739e+05 4.418038896363734384e+05 4.638702256962355459e+05 4.865307521713181632e+05 5.024502271343599423e+05 5.121063357702849898e+05 5.167574874063236057e+05 5.167577882529408671e+05 5.118124645932228887e+05 5.005203090658482979e+05 4.801794957002702286e+05 4.469301195725026773e+05 3.853613461845808779e+05 2.821449653422770789e+05 1.913003207949167991e+05 1.811666350877401128e+05 2.670886913597190287e+05 3.316249282045207219e+05 3.815594835268003517e+05
4.107113905483674025e+05 4.472171318234244245e+05 4.741013545261947438e+05 4.914158207927461481e+05 4.991522962317013880e+05 5.013324093058158760e+05 4.976536985007203184e+05 4.890685103764389642e+05 4.754026607832832378e+05 4.568287633951042662e+05 4.345381189408166101e+05 4.061203193841280881e+05 3.742668831359370961e+05 3.394625457622144604e+05 2.995683599627793883e+05 2.594352499802063394e+05 2.188969262292785861e+05 1.805887518397194217e+05 1.511203292252474348e+05 1.287103711582131364e+05 1.131448716693907336e+05 1.025903870692998171e+05 9.940682022153781145e+04 1.058932845531086205e+05 1.200963891811488284e+05 1.401368137463027961e+05 1.609803215221619175e+05 1.787447135541622702e+05 1.923778701665698609e+05 2.010355115421004884e+05 2.042879119062376558e+05 2.061332983443768462e+05 2.091023676755711203e+05 2.150978488678402500e+05 2.242033317203662009e+05 2.369820086929733516e+05 2.521432000300524232e+05 2.687073511917819851e+05 2.864140447561846231e+05 3.047510616703754640e+05 3.230665227448210935e+05 3.416779580766718136e+05 3.609917937157313572e+05 3.808953707070611999e+05 4.014851577429752215e+05 4.225078481467080419e+05 4.443439204208651790e+05 4.683940168297169148e+05 4.934180299496566877e+05 5.109670402522096410e+05 5.216775647248057066e+05 5.271092503534185234e+05 5.277705213541755220e+05 5.234365991330376710e+05 5.127801660772335017e+05 4.934370490949800005e+05 4.620874121579745552e+05 4.015810266654447187e+05 2.908297436605695402e+05 1.974716773174951086e+05 1.629444249853522633e+05 2.351532926388829073e+05 3.101759084317822708e+05 3.660330027417525416e+05
3.922754290855336003e+05 4.312916865148373763e+05 4.589076232264951686e+05 4.755681657160195173e+05 4.816107411380023696e+05 4.808876929215792334e+05 4.739086447661756538e+05 4.634630519551004400e+05 4.477782371975085116e+05 4.274985826880921377e+05 4.001748264923509560e+05 3.664365200301024015e+05 3.298723784859721200e+05 2.875369708179453737e+05 2.442268731854732032e+05 2.018694732003319950e+05 1.606133023885588918e+05 1.251893838773521711e+05 9.878984887114487356e+04 7.944274161617823120e+04 6.812748347771589761e+04 6.234964892099218559e+04 6.628397539318821509e+04 7.967577847107726848e+04 9.775229936252541665e+04 1.194179834579918825e+05 1.413127157299121027e+05 1.592616376805812470e+05 1.724045269746605773e+05 1.806934760934040532e+05 1.836397804304380261e+05 1.857151085346826294e+05 1.895038513908132154e+05 1.968355461109822500e+05 2.076675069673342514e+05 2.222522794132536801e+05 2.393519766056497756e+05 2.578621175771194103e+05 2.773201410572276800e+05 2.971877687277817167e+05 3.169922789997990476e+05 3.370045707317257184e+05 3.576722224458832061e+05 3.789383842573151924e+05 4.009165398159984034e+05 4.233583813896218780e+05 4.467481443417638657e+05 4.727482569560020929e+05 5.000835613703048439e+05 5.191813255816763267e+05 5.308607659593627322e+05 5.369899236546094762e+05 5.382270296421656385e+05 5.344331590528632514e+05 5.244471224077499937e+05 5.061046711292030523e+05 4.772898828131754999e+05 4.265094150046281284e+05 3.313034604459453840e+05 2.273550693094971939e+05 1.541707671053067606e+05 2.008325393578622316e+05 2.811072144294608152e+05 3.448986873006348033e+05
3.633604028378888615e+05 4.021510481498379377e+05 4.276686580830583116e+05 4.431448697341036168e+05 4.476054884098446928e+05 4.454835807163077989e+05 4.364898203712137183e+05 4.234713543870024150e+05 4.052131473408805323e+05 3.808876574858833337e+05 3.542713558804956847e+05 3.228926860091734561e+05 2.852777602290990762e+05 2.436975538894056226e+05 2.008045278787066054e+05 1.543274427420086577e+05 1.055772765277325525e+05 6.981412251765711699e+04 4.671260872407314309e+04 3.325851583108809427e+04 2.751456571313579479e+04 2.890722842865644634e+04 3.839268399397823669e+04 5.654797325038012059e+04 7.839887000724811514e+04 1.017393683225887944e+05 1.228966360865677270e+05 1.396460627891981858e+05 1.517688312531552510e+05 1.591987973243073793e+05 1.620631032505757175e+05 1.647840209718554688e+05 1.693671043231620570e+05 1.779470857151366363e+05 1.901724903570245369e+05 2.063112477472492901e+05 2.249910773557382927e+05 2.453714774500577478e+05 2.668114154979641316e+05 2.884246746150902472e+05 3.098422888009372982e+05 3.314653999406047515e+05 3.536705433317779098e+05 3.764451721374470508e+05 3.999400902946158894e+05 4.239108792088609189e+05 4.489344330843450734e+05 4.768944049592540832e+05 5.064946710604598629e+05 5.270638966200152645e+05 5.396452400062126108e+05 5.464039188556266017e+05 5.481325921583164018e+05 5.447839575166521827e+05 5.353452907977820141e+05 5.179041998424320482e+05 4.915064643774582655e+05 4.461395818984661601e+05 3.583880850059792283e+05 2.443913909549575474e+05 1.446122780092375469e+05 1.556664424681382661e+05 2.394182709758560522e+05 3.116082810022130143e+05
3.250838247724570101e+05 3.647337770446491195e+05 3.898925908074019244e+05 4.030121955596005428e+05 4.031768077251123614e+05 3.960945207468086155e+05 3.827240636464665295e+05 3.664956376156341867e+05 3.428162739306373987e+05 3.154857543752134079e+05 2.855241038029323681e+05 2.513326127736048074e+05 2.121159408213850693e+05 1.684768522485774592e+05 1.235638879000220768e+05 8.200779897620149131e+04 4.342615602092562767e+04 1.812092094527654990e+04 3.821025688805071695e+03 -3.060929778540041298e+03 -4.956321411352124414e+03 1.138240037014882546e+03 1.490012538478412534e+04 3.545194996006215661e+04 5.809544568692832399e+04 7.982482778045754822e+04 9.972998724461578240e+04 1.149061438595998625e+05 1.271320491253385844e+05 1.341386208496781474e+05 1.367261313773955335e+05 1.407115781351919577e+05 1.470841415808053280e+05 1.570085502439707052e+05 1.710298090617465205e+05 1.895408068326013163e+05 2.102877309373325552e+05 2.326063276702627481e+05 2.558769467889268708e+05 2.792435187032833928e+05 3.022682766154541168e+05 3.254753173222772311e+05 3.491900165681177750e+05 3.734831651785395807e+05 3.985337144515070831e+05 4.240999293494768790e+05 4.508386549425184494e+05 4.807872192299535964e+05 5.126461930069883820e+05 5.346557703884370858e+05 5.480943585066042142e+05 5.554293870216632495e+05 5.575991398085244000e+05 5.546452651664930163e+05 5.456918474389426410e+05 5.290785288528811652e+05 5.043767619011928327e+05 4.646566055780325551e+05 3.954857364802533411e+05 2.766537501163422130e+05 1.433035608576138038e+05 1.095566454366281105e+05 1.872990263136625581e+05 2.686586079700062983e+05
2.629708296636955929e+05 3.058468819990401389e+05 3.309568687819902552e+05 3.441727654842286138e+05 3.457288518430780387e+05 3.398326271580004250e+05 3.277379372262296383e+05 3.125237029731628718e+05 2.918630158538963879e+05 2.676814962570133503e+05 2.380438622898592439e+05 2.047815732899160939e+05 1.673779888446777768e+05 1.268596074989410408e+05 8.467043297446530778e+04 4.192502056928387174e+04 3.873270826802719967e+03 -1.936163350113676279e+04 -3.283410349222297373e+04 -3.596317217492450436e+04 -3.015665419607742660e+04 -1.862204183959605871e+04 -3.581832603377246414e+03 1.560873505673360341e+04 3.799942479487029777e+04 5.928128465302679251e+04 7.700367532410171407e+04 9.001628127746764221e+04 1.004788872674920422e+05 1.063964244991656742e+05 1.093666434503703349e+05 1.146410310663943528e+05 1.233409340270547400e+05 1.356236725614021998e+05 1.517293302719683852e+05 1.723052487092716037e+05 1.954428787131200079e+05 2.196601881132578419e+05 2.445211153549430310e+05 2.695597833438261296e+05 2.942366789159672917e+05 3.191245525118272635e+05 3.444146496499472414e+05 3.702175399827124784e+05 3.968045999813760864e+05 4.239510332836692105e+05 4.524111632198736770e+05 4.843549542099174578e+05 5.185139778988034814e+05 5.419703591173277237e+05 5.562488265132086817e+05 5.641355834697117098e+05 5.667145013108515413e+05 5.641080958265365334e+05 5.555768559123348678e+05 5.397952450841940008e+05 5.165089011177082430e+05 4.800580473847265821e+05 4.204561368001805968e+05 2.942931633719935198e+05 1.505411727382268291e+05 6.716488767606542388e+04 1.173922927429374831e+05 2.023075246979777003e+05
1.893613870880169270e+05 2.361098792915608792e+05 2.658377838757968275e+05 2.820781429499732330e+05 2.866065598962423392e+05 2.814914967329071369e+05 2.679716136901176651e+05 2.506290817303479416e+05 2.279432915590170305e+05 2.024349909396609291e+05 1.700928651641905890e+05 1.384717919294007297e+05 1.044035244525813905e+05 6.689131049567001173e+04 2.555015257931694941e+04 -1.272327264672162710e+04 -4.226587174623971805e+04 -6.126032327067424194e+04 -6.986140309556662396e+04 -6.874280511927501357e+04 -6.084247710353307048e+04 -4.601846072920916777e+04 -2.699362876065606542e+04 -7.236251748990773194e+03 1.264999975993263797e+04 3.189986530634111114e+04 4.845867696504715423e+04 6.131547900714802381e+04 7.061524301929086505e+04 7.598679735006064584e+04 8.047800947949591500e+04 8.875024099458694400e+04 9.998295541738026077e+04 1.146204183441660425e+05 1.328719736566204228e+05 1.552109455025712959e+05 1.806831936946890200e+05 2.070414477945201215e+05 2.334160203924385714e+05 2.600105321399177192e+05 2.862527526087977458e+05 3.128108509164761053e+05 3.396651735560821835e+05 3.669515724363364861e+05 3.950495463268726598e+05 4.237332599897811888e+05 4.538758915559283923e+05 4.878036659669497749e+05 5.243053735203694087e+05 5.492086318726541940e+05 5.643047837327010930e+05 5.727199278935937909e+05 5.756741816815029597e+05 5.733839528300592210e+05 5.651706843449514126e+05 5.497608253728491254e+05 5.271731144349488895e+05 4.929200992294368334e+05 4.422809556986160460e+05 3.180166458346495638e+05 1.532763787628360442e+05 3.955342727191554877e+04 5.527668199936495512e+04 1.305469062044129823e+05
9.545664484744338552e+04 1.368579077548626810e+05 1.638040848144078045e+05 1.804057948323028686e+05 1.883099279202439939e+05 1.898210855852302630e+05 1.873256151132527739e+05 1.782555262777159805e+05 1.602843238238838676e+05 1.369560173592272622e+05 1.082191142128343054e+05 7.731999386361491634e+04 4.563786814264598797e+04 7.978593312417142442e+03 -3.175560500435050199e+04 -6.556959977668356441e+04 -9.142835278703735094e+04 -1.042767597084718582e+05 -1.053781119383013574e+05 -1.011547922099333955e+05 -9.247628342079246067e+04 -7.743513002945523476e+04 -5.875671925373944396e+04 -3.770937741756307514e+04 -1.719015995017070600e+04 1.351572114980886909e+03 1.695373167289456978e+04 2.879277221406364333e+04 3.670380321448427276e+04 4.302232452850164555e+04 5.031628301793745050e+04 6.134611056102861767e+04 7.455034194339785608e+04 9.225299936860581511e+04 1.135594135747053369e+05 1.385749950599867152e+05 1.661027774486729759e+05 1.943744752215443295e+05 2.223281894432529516e+05 2.504895871704416350e+05 2.781887818104503676e+05 3.063221954117128626e+05 3.347149397387113422e+05 3.635266758066536859e+05 3.931649177158690291e+05 4.234102060094717308e+05 4.552306212449579616e+05 4.911688193833492696e+05 5.300732246952904388e+05 5.564372018536522519e+05 5.723450867125310469e+05 5.812714961858898168e+05 5.845902570683340309e+05 5.825782044018311426e+05 5.746160882372241467e+05 5.595375398480445147e+05 5.375403051373035414e+05 5.047139747451072326e+05 4.588936319451343734e+05 3.321172498895249446e+05 1.627600131186052749e+05 1.605058118183451734e+04 -1.659641601404964240e+04 4.340763611494366342e+04
1.642940778679367213e+04 4.848954862214095920e+04 6.916208895052396110e+04 7.778806543755464372e+04 7.971612109805595537e+04 7.687537840148956457e+04 7.283240780425989942e+04 6.346503776537474187e+04 5.175728220064108609e+04 3.446631747484182415e+04 1.525474071677495522e+04 -7.450777742612568545e+03 -3.533656907191079517e+04 -6.565004522079146409e+04 -9.480635416925034951e+04 -1.200344786669918103e+05 -1.391200959517731098e+05 -1.467225856713695684e+05 -1.455277904021928844e+05 -1.381744325550675858e+05 -1.251601021640801482e+05 -1.088545626706857875e+05 -9.026360238267961540e+04 -7.107194239108695183e+04 -5.234351789163390640e+04 -3.374485765509433259e+04 -1.723810584984184607e+04 -5.008025999481699728e+03 3.821276728933688901e+03 1.215224429503454303e+04 2.282833938578044763e+04 3.639978615881040605e+04 5.120287339934684860e+04 7.123373800799107994e+04 9.612642853104014648e+04 1.234873739363239147e+05 1.525969492791467928e+05 1.824877638349650078e+05 2.117958118789898581e+05 2.414873874972094491e+05 2.706094060815853300e+05 3.001807859852439142e+05 3.300522618369878619e+05 3.603428490360967699e+05 3.914755050939635839e+05 4.232338318281544489e+05 4.566838845494833076e+05 4.946393725253150915e+05 5.359783416916984133e+05 5.638097820145506412e+05 5.805195220893551596e+05 5.899499892427460290e+05 5.936250131659617182e+05 5.918395016781057930e+05 5.840276051427256316e+05 5.691362918081171811e+05 5.476988993697364349e+05 5.157082203359675477e+05 4.718531383999985410e+05 3.478539710824956419e+05 1.674516599193405127e+05 8.252745043623021047e+03 -6.475354771366190107e+04 -2.430097156529304266e+04
-6.968503019231869257e+04 -4.687583531197316188e+04 -3.110041772901803415e+04 -1.933963763888709218e+04 -1.276868568012820833e+04 -8.414271821393907885e+03 -7.530499773209950945e+03 -1.312369386288539681e+04 -2.287214059590974648e+04 -3.624971606843734480e+04 -5.509322238360773918e+04 -7.580537358479964314e+04 -1.018344936056486913e+05 -1.282424000309583207e+05 -1.537286124424551381e+05 -1.687889503624639765e+05 -1.799042408136203303e+05 -1.823860506062985223e+05 -1.791462124800273741e+05 -1.705957502274679719e+05 -1.585742557298027677e+05 -1.432881146360117709e+05 -1.263489285580748547e+05 -1.071852857533944480e+05 -8.894238182123281877e+04 -7.136753615604950755e+04 -5.469952971748695563e+04 -4.150896938350357959e+04 -3.059362875379647448e+04 -2.046104869262381908e+04 -6.824040323673616513e+03 1.014260491846416699e+04 2.805740725984333039e+04 5.073924726212684618e+04 7.867011704873129202e+04 1.087663786320057698e+05 1.398950585421833093e+05 1.713380390443853103e+05 2.020529185415365791e+05 2.330870120112736477e+05 2.635129892713018344e+05 2.944075977154583670e+05 3.256712719826606335e+05 3.573734568696735660e+05 3.899512223649323569e+05 4.231917334063198068e+05 4.582543745782528422e+05 4.982423240938248346e+05 5.420460291756048100e+05 5.713574573243393097e+05 5.888643205009946832e+05 5.987892110669112299e+05 6.028045214482188458e+05 6.011638764604358003e+05 5.932714228031636449e+05 5.784468452222045744e+05 5.572886494293715805e+05 5.255125422081239522e+05 4.835207657779870788e+05 3.617895531478274497e+05 1.785857627744181955e+05 7.931403384577104589e+03 -1.198566351533826382e+05 -1.072142646676662553e+05
-1.446268741596576874e+05 -1.327957223715925356e+05 -1.222120714866928320e+05 -1.154125190222598612e+05 -1.107928469610810571e+05 -1.101308551885390916e+05 -1.106079761120964540e+05 -1.144727752222621639e+05 -1.215699743388425559e+05 -1.319209362129876972e+05 -1.439852860198499402e+05 -1.602187425943277776e+05 -1.788461599103826447e+05 -1.964750887544089346e+05 -2.146880936124735745e+05 -2.276682539728491683e+05 -2.362469322810521699e+05 -2.341763443490157952e+05 -2.257444354553289595e+05 -2.132103861728758202e+05 -1.973886162207386224e+05 -1.825123840094308252e+05 -1.645424805020294152e+05 -1.449700472310575715e+05 -1.262780444437443512e+05 -1.083479958226379822e+05 -9.089732828110016999e+04 -7.643095683190683485e+04 -6.290786080432946619e+04 -4.924732634335863986e+04 -3.413080641350054066e+04 -1.356842624377614447e+04 7.653893432444115206e+03 3.246250358259936911e+04 6.266996839302176522e+04 9.515498355357318360e+04 1.279435856326798385e+05 1.610149684558759909e+05 1.931743362311440578e+05 2.254457138167336525e+05 2.570365499432730139e+05 2.892038680738724070e+05 3.218026158509348752e+05 3.548482515649238485e+05 3.888054185493859695e+05 4.234718076006112969e+05 4.601470623127740109e+05 5.021428747486078064e+05 5.484154621460972121e+05 5.792021952150877332e+05 5.974888643541398924e+05 6.079007996557934675e+05 6.122477984659447102e+05 6.108940478057111613e+05 6.034830814476343803e+05 5.890987225410541287e+05 5.681052802974578226e+05 5.359614978482270380e+05 4.930350102824118803e+05 3.697819693200151669e+05 1.748151381328268908e+05 9.872542464069563721e+03 -1.419438610749090149e+05 -1.675428864136172342e+05
-2.205098795046460291e+05 -2.078290640128217638e+05 -2.004688538266947435e+05 -1.919742944302193355e+05 -1.863006622939007939e+05 -1.857309183269652131e+05 -1.868139120394671918e+05 -1.922728972899531946e+05 -1.985154666681303643e+05 -2.092469766597886046e+05 -2.229403945238601591e+05 -2.348484770775748475e+05 -2.467269799137797090e+05 -2.569018553352884483e+05 -2.643740796819960815e+05 -2.698945352007567999e+05 -2.765271535390965873e+05 -2.762131870451748255e+05 -2.664005861839072895e+05 -2.527809686809132108e+05 -2.375399757585094485e+05 -2.225611640065201791e+05 -2.062158969650785439e+05 -1.848950657025639084e+05 -1.641201515672037203e+05 -1.446232204318334989e+05 -1.267783949727887812e+05 -1.109042038224591524e+05 -9.494443399149694596e+04 -7.965810356459101604e+04 -5.999737664571965433e+04 -3.621364416123820411e+04 -1.250715440970604504e+04 1.528503688505449099e+04 4.801736431833497772e+04 8.271738307683060702e+04 1.174645136467217089e+05 1.517711035601711483e+05 1.852730615924628510e+05 2.187228759663342207e+05 2.514214579627967905e+05 2.846982450122960727e+05 3.185291874308327097e+05 3.528359186187761952e+05 3.880896188010046608e+05 4.241379090994147118e+05 4.624168008848825120e+05 5.064151718191104592e+05 5.551602022709908197e+05 5.873907884923300007e+05 6.064285189087673789e+05 6.172989617319878889e+05 6.219566606891884003e+05 6.205770006110238610e+05 6.129787458743080497e+05 5.985281103848430794e+05 5.771047897410630248e+05 5.441350042688571848e+05 4.998511860120319761e+05 3.812749485661205254e+05 1.861897324736499577e+05 2.149703275817628310e+04 -1.717430129278351669e+05 -2.353479608888160437e+05
-2.945169711416573264e+05 -2.922480042947998736e+05 -2.856427389322637464e+05 -2.794532565720262355e+05 -2.746581634153987980e+05 -2.730117947183246724e+05 -2.716178406619990710e+05 -2.731223501783714746e+05 -2.755682376884517726e+05 -2.803405617762861657e+05 -2.863877947734820191e+05 -2.939011847243931261e+05 -3.043048950560283265e+05 -3.115644108912486117e+05 -3.163265282183571253e+05 -3.212743874079973320e+05 -3.205884921129074646e+05 -3.177879162250271766e+05 -3.093104822761939140e+05 -2.959080651407999685e+05 -2.797968415419702651e+05 -2.641979038244101685e+05 -2.456907346259832266e+05 -2.242116938074343198e+05 -2.023723769146064005e+05 -1.814953933037029637e+05 -1.612580568705044570e+05 -1.427587657463169890e+05 -1.246087234470501717e+05 -1.055615327496317041e+05 -8.237093790201810771e+04 -5.733176208685936581e+04 -3.057769835017173318e+04 4.427003628956629200e+01 3.493538806276259129e+04 7.132658143080100126e+04 1.075412787791489391e+05 1.434678939444644784e+05 1.781333672127530444e+05 2.127387249401334266e+05 2.466572667498672381e+05 2.810362713221951853e+05 3.159972809255271568e+05 3.514710813183209393e+05 3.879547172115642461e+05 4.253157859437960433e+05 4.651878144451624248e+05 5.112199392925567226e+05 5.624508642777957721e+05 5.960828271853316110e+05 6.158241300828441745e+05 6.271195307735035894e+05 6.320683069321698276e+05 6.310943758641846944e+05 6.239413273123289691e+05 6.095329353868637700e+05 5.878101289481180720e+05 5.542838264536481583e+05 5.078759451410480542e+05 3.857758973723897361e+05 1.819645482164982532e+05 2.860695899826176174e+04 -1.787174001622693031e+05 -2.854917740983100375e+05
-3.473587366634843056e+05 -3.470663361328172032e+05 -3.474474326674750773e+05 -3.454988545335209928e+05 -3.435062294830369065e+05 -3.442608412446881412e+05 -3.468127620891522965e+05 -3.503228643045439385e+05 -3.547820416456198436e+05 -3.603742658900034148e+05 -3.658438995104593923e+05 -3.707373616036553285e+05 -3.757522702401018469e+05 -3.786688262295032619e+05 -3.790846637593131163e+05 -3.794505404003967415e+05 -3.745630156358995591e+05 -3.662399073081447859e+05 -3.536110752482607495e+05 -3.382145782954003662e+05 -3.240011303166306461e+05 -3.075849059152816772e+05 -2.867248358717885567e+05 -2.645545231223358423e+05 -2.401634388541905209e+05 -2.155755817617288267e+05 -1.930617340982706810e+05 -1.722552225051124697e+05 -1.512603553714539448e+05 -1.290536748835580074e+05 -1.041503991440844984e+05 -7.599293682046540198e+04 -4.636546717014685419e+04 -1.321243213618346817e+04 2.347919066939805998e+04 6.096349215474352241e+04 9.875776189352756774e+04 1.358359142992141715e+05 1.716893111606932071e+05 2.074258655100082397e+05 2.424742791365580342e+05 2.780553475445912336e+05 3.141147511985497549e+05 3.507042408409654745e+05 3.883579329436349799e+05 4.269754124453099212e+05 4.684218332508570747e+05 5.165352128016863717e+05 5.702456668534225319e+05 6.052426647520635743e+05 6.256514785384507850e+05 6.373395073010344058e+05 6.425289576294973958e+05 6.413783773868770804e+05 6.339382386091367807e+05 6.190219063735810341e+05 5.967427218658636557e+05 5.623767963003282202e+05 5.128973708891205024e+05 3.940066305572072743e+05 1.882573787400404399e+05 3.754078289431687153e+04 -1.842712830011690967e+05 -3.263292532393732108e+05
-4.123419198423581547e+05 -4.226429855829869048e+05 -4.203681052164501161e+05 -4.157438714139879448e+05 -4.127192017392407288e+05 -4.105308933594501577e+05 -4.107101007559626596e+05 -4.117922004751344793e+05 -4.136106967347479076e+05 -4.168959374931266648e+05 -4.202358708318775753e+05 -4.244293086970741861e+05 -4.264553938106040587e+05 -4.271756687589945504e+05 -4.250981017680350342e+05 -4.253964803586865892e+05 -4.202425810931279557e+05 -4.122891325451671146e+05 -3.993357884839528124e+05 -3.847548295338933240e+05 -3.689408569504033658e+05 -3.500844455064224894e+05 -3.272047814284596825e+05 -3.021241481693613459e+05 -2.744426097584548988e+05 -2.477911887812352215e+05 -2.234086872532535635e+05 -1.996974128333520202e+05 -1.757983397885796439e+05 -1.519021353701034095e+05 -1.239666027586783166e+05 -9.252968141583874240e+04 -6.027630783336822788e+04 -2.480415430192127678e+04 1.328782672124917917e+04 5.228892888925964508e+04 9.107643107811645314e+04 1.291362423280006187e+05 1.662551988407573081e+05 2.032152343054520315e+05 2.392190512933234277e+05 2.758814918399756425e+05 3.129776403573746211e+05 3.506038772227391019e+05 3.893599528853325755e+05 4.292028550435538637e+05 4.722190576552735874e+05 5.224196303119406221e+05 5.785532091248258948e+05 6.148778874872337328e+05 6.359191874362038216e+05 6.479759780754966196e+05 6.534730071027773665e+05 6.529190815275156638e+05 6.456745224578449270e+05 6.306663953978972277e+05 6.080119188288393198e+05 5.716514398229564540e+05 5.173538768455759273e+05 3.966336847288431600e+05 1.800437630792326527e+05 4.299439640680954471e+04 -1.842468626915721688e+05 -3.622844136057374999e+05
-4.412788678307156079e+05 -4.729730645791369607e+05 -4.855143000347315101e+05 -4.879228982655889704e+05 -4.885577658690998796e+05 -4.889812462208815850e+05 -4.870130612255542655e+05 -4.862475032391811255e+05 -4.877999185221276712e+05 -4.904235964414891787e+05 -4.914222895511353272e+05 -4.909728557943851920e+05 -4.878160667851885082e+05 -4.839412825864217593e+05 -4.793701395307855564e+05 -4.751321366012599901e+05 -4.664401460232724203e+05 -4.570732904488252825e+05 -4.446063098848458030e+05 -4.313699876723107882e+05 -4.140357685943917604e+05 -3.920741885632408084e+05 -3.662312219446378294e+05 -3.363536854058644385e+05 -3.055885828933498124e+05 -2.767862082989417831e+05 -2.494943847695933073e+05 -2.236628177933453408e+05 -1.987507908953865408e+05 -1.720060426596929319e+05 -1.406502405198513879e+05 -1.072279440826789360e+05 -7.248595047456953034e+04 -3.507714363689738821e+04 4.505494705867711673e+03 4.429011789002284786e+04 8.414110553850959695e+04 1.232959565387938783e+05 1.614143825313993730e+05 1.993326026211252029e+05 2.363212722111157782e+05 2.741123802868818748e+05 3.123001197838801309e+05 3.509791425432321848e+05 3.908314443954164162e+05 4.318945865195488441e+05 4.765243035428994335e+05 5.287757141831647605e+05 5.872977337939443532e+05 6.249363359525738051e+05 6.465852675453892443e+05 6.590026123484494165e+05 6.646518244550210657e+05 6.634957891476153163e+05 6.555324652389360126e+05 6.401639524573169183e+05 6.168258374473401345e+05 5.789947723463195143e+05 5.230640874019772746e+05 4.055125496865911409e+05 1.892929226280311414e+05 5.091245375373774732e+04 -1.688285927399184438e+05 -3.723316403288788279e+05
-4.928676333557676990e+05 -5.254266452314091148e+05 -5.408394027337211883e+05 -5.429721124517356511e+05 -5.448206765604708344e+05 -5.481325811914000660e+05 -5.496664790539641399e+05 -5.499192732501055580e+05 -5.491483574455048656e+05 -5.488636490476813633e+05 -5.498092958935446804e+05 -5.487049928855402395e+05 -5.452230052838840056e+05 -5.419035170561231207e+05 -5.386269070625433233e+05 -5.355535859840407502e+05 -5.223875609051361098e+05 -5.072520366649169009e+05 -4.915638515461260686e+05 -4.745176273656322737e+05 -4.538876798877041438e+05 -4.303904316290932475e+05 -4.005596228385796421e+05 -3.675597743101103697e+05 -3.349709292056392296e+05 -3.036762141917063855e+05 -2.741553047617233824e+05 -2.466317353217743512e+05 -2.192340625366721943e+05 -1.894898890590591473e+05 -1.557232279011591745e+05 -1.201944186996466742e+05 -8.330845357895543566e+04 -4.413146792192263820e+04 -3.128471875090661342e+03 3.779900679007634608e+04 7.823465935003782215e+04 1.181870566375675553e+05 1.574475123246232397e+05 1.963172721458395536e+05 2.342246312303123123e+05 2.729514502428001724e+05 3.121251581999734626e+05 3.518420288215284236e+05 3.927567877485573990e+05 4.349750698631988489e+05 4.813131193787822267e+05 5.354866213853878435e+05 5.963808988262241473e+05 6.353449121368802153e+05 6.575991948472015793e+05 6.703518134797918610e+05 6.761137839874420315e+05 6.753220555257971864e+05 6.676630548673721496e+05 6.526081076475997688e+05 6.287116129697762663e+05 5.873951895097328816e+05 5.259913166893668240e+05 4.045164503878570395e+05 1.802018562004714040e+05 4.776670625729962921e+04 -1.667232760764468694e+05 -4.028264489756837720e+05
-5.074291561155830277e+05 -5.593873727935526986e+05 -5.885925621176171117e+05 -6.016379023553896695e+05 -6.050956971483905800e+05 -6.076097750953423092e+05 -6.077348096312115667e+05 -6.072425433291787049e+05 -6.076293924683068180e+05 -6.067314245029118611e+05 -6.047172045451933518e+05 -6.021894111563201295e+05 -5.980875460358483251e+05 -5.928411926489251200e+05 -5.885130471738816705e+05 -5.819966493626015726e+05 -5.668173985576624982e+05 -5.535562431600501295e+05 -5.374453479886522982e+05 -5.186792230420989217e+05 -4.957711162150705932e+05 -4.665279495228218730e+05 -4.319156713650922757e+05 -3.963982008136471850e+05 -3.614695127672208473e+05 -3.278029010142860934e+05 -2.966118698970301775e+05 -2.674224047134448192e+05 -2.374773834141612751e+05 -2.050227365526916692e+05 -1.689798295667613856e+05 -1.316278168823418964e+05 -9.275915262515694485e+04 -5.195119578258668480e+04 -9.793459589001580753e+03 3.144609636320514619e+04 7.236603454534457705e+04 1.132627719055452180e+05 1.536877406923462404e+05 1.935491524925188860e+05 2.323271370217802760e+05 2.720201847295651678e+05 3.122531224779399927e+05 3.530625991500557866e+05 3.950160708221899113e+05 4.384198113376133842e+05 4.866044650356247439e+05 5.425234837983447360e+05 6.057837879899197724e+05 6.460844575151060708e+05 6.689227127672310453e+05 6.820164105341526447e+05 6.874689095622781897e+05 6.858316747961365618e+05 6.776355879990260582e+05 6.615813124923444120e+05 6.370361322543534916e+05 5.954915226254531881e+05 5.344240153265821282e+05 4.180929564421750838e+05 1.928654024522758264e+05 5.028196908311428706e+04 -1.485328994529487099e+05 -3.950471250409457134e+05
-5.395083123519856017e+05 -5.958468770539346151e+05 -6.264122573156447615e+05 -6.410083408626585733e+05 -6.499518241105338093e+05 -6.567624148109859088e+05 -6.616159391955626197e+05 -6.629189723131656647e+05 -6.623252573431094643e+05 -6.584172622084752657e+05 -6.530585598525695968e+05 -6.480784277311922051e+05 -6.436245970379456412e+05 -6.401701789161650231e+05 -6.368871896492546657e+05 -6.293632252750175539e+05 -6.119647495680059073e+05 -5.947317974927318282e+05 -5.781411700870990753e+05 -5.572233211908590747e+05 -5.304397575643885648e+05 -4.972477284238957800e+05 -4.606625869724934455e+05 -4.227191594210896292e+05 -3.857813984277524287e+05 -3.504530087511035963e+05 -3.179230551601554034e+05 -2.866488039183678338e+05 -2.538229209288794955e+05 -2.187556427354011685e+05 -1.810005470921535743e+05 -1.419790657445253164e+05 -1.012414582546326710e+05 -5.883026488817251811e+04 -1.585552596488492054e+04 2.610329855307934122e+04 6.795189829470770201e+04 1.096776935520453262e+05 1.508900848544667242e+05 1.916695294112536940e+05 2.311686688729464659e+05 2.717096695863655768e+05 3.129251260345037444e+05 3.547432555299869855e+05 3.976971087251240970e+05 4.422560635895972373e+05 4.923760161973513896e+05 5.498730222661915468e+05 6.155103405949091539e+05 6.571588124279089971e+05 6.805686005177362822e+05 6.939196054203488166e+05 6.990712786761473399e+05 6.977224792379688006e+05 6.900518367213604506e+05 6.747252620970278513e+05 6.472191277786107967e+05 6.008748657069723122e+05 5.364745795550236944e+05 4.179250913853326347e+05 1.866685063579824928e+05 3.773315329803709028e+04 -1.451206969166005147e+05 -4.148818019602097920e+05
-5.467914884113742737e+05 -6.175353605354307219e+05 -6.613346173934063409e+05 -6.845906707406480564e+05 -6.970622858239396010e+05 -7.048076618103137007e+05 -7.092547735806581331e+05 -7.102039768475134624e+05 -7.085884582210584776e+05 -7.048133697881383123e+05 -6.997032049465109594e+05 -6.955326201360895066e+05 -6.912771194409119198e+05 -6.873211761456999229e+05 -6.831853903217576444e+05 -6.737078960173239466e+05 -6.543082755700036651e+05 -6.382291019199636066e+05 -6.187400011730841361e+05 -5.954008495737877674e+05 -5.638421657006820897e+05 -5.271029715727126459e+05 -4.873327735053578508e+05 -4.476270288517420995e+05 -4.089146255630835658e+05 -3.720608782201076392e+05 -3.377845182339951280e+05 -3.033828423800139572e+05 -2.679740299844758702e+05 -2.311092754133739509e+05 -1.918730422400532989e+05 -1.511915574766224599e+05 -1.084035794579483627e+05 -6.482527279105127673e+04 -2.145670876203132866e+04 2.107826909984480881e+04 6.343745059928910632e+04 1.058961962117766088e+05 1.482653497595112422e+05 1.898798042663074739e+05 2.301915604381142184e+05 2.716938239894113503e+05 3.138474342090332066e+05 3.566566100648374995e+05 4.006607638378019910e+05 4.464118244495444815e+05 4.984771372244539089e+05 5.574862393745558802e+05 6.255859744318717858e+05 6.686212367165215546e+05 6.925647140712332912e+05 7.060625312256165780e+05 7.113286500340769999e+05 7.097900609874491347e+05 7.012810201064134017e+05 6.840274147712583654e+05 6.557559795420248993e+05 6.089353872977873543e+05 5.468288107422303874e+05 4.369562419491589535e+05 2.039925536868316412e+05 4.243974721163307549e+04 -1.356870180876337399e+05 -4.024801272776445257e+05
-5.717417237378957216e+05 -6.407592395923915319e+05 -6.857650469273463823e+05 -7.136489536533391802e+05 -7.296117539269458503e+05 -7.401733767694439739e+05 -7.463108149168036180e+05 -7.475238819987910101e+05 -7.452097866315012798e+05 -7.419397904036259279e+05 -7.385350081412509317e+05 -7.362181172106692102e+05 -7.335959009609324858e+05 -7.307321062753609149e+05 -7.268211695507965051e+05 -7.182958898398398887e+05 -6.965738987624776782e+05 -6.759969284901849460e+05 -6.533223059066422284e+05 -6.254143962870201794e+05 -5.922278805368875619e+05 -5.538620880569329020e+05 -5.119201241750183399e+05 -4.706379965163398301e+05 -4.301729124042728217e+05 -3.915964838755793171e+05 -3.548581383584148716e+05 -3.183392616974891280e+05 -2.813123747968252865e+05 -2.427985089956100273e+05 -2.019401240066246828e+05 -1.594804337235176354e+05 -1.150986260502952791e+05 -7.069450060767863761e+04 -2.681734926251296929e+04 1.658033926564785725e+04 6.007564690703322412e+04 1.034492466257968335e+05 1.463939449634298217e+05 1.888311570048455324e+05 2.301300714069454116e+05 2.725357135940092849e+05 3.153826891608661972e+05 3.589043345373625634e+05 4.037877810392057290e+05 4.508053018782903673e+05 5.047478886492786696e+05 5.652746741048203548e+05 6.360096473940293072e+05 6.804995302501393016e+05 7.049088986845929176e+05 7.182759287617575610e+05 7.232724574870731449e+05 7.212989259944026126e+05 7.129142203566412209e+05 6.948095177780230297e+05 6.621641549474314088e+05 6.126131073622088879e+05 5.470577729073475348e+05 4.443288430888830917e+05 2.104510459775977361e+05 2.558552566332902643e+04 -1.431552413457765942e+05 -4.165004031560062431e+05
-5.855189622866043355e+05 -6.594356620202945778e+05 -7.123425069174915552e+05 -7.453424837605367647e+05 -7.646898727321870392e+05 -7.754398779716403224e+05 -7.834911824228620389e+05 -7.873958530734459637e+05 -7.877367232637137640e+05 -7.862435810643299483e+05 -7.843413272105311044e+05 -7.841360606157260481e+05 -7.841044809285191586e+05 -7.828894225041461177e+05 -7.783972439961913042e+05 -7.643200480409550946e+05 -7.357832355667946395e+05 -7.113307467642424162e+05 -6.864493086043081712e+05 -6.569478491738975281e+05 -6.211396978101099376e+05 -5.800539072689836612e+05 -5.363648137356947409e+05 -4.933539243871817016e+05 -4.511304939242089167e+05 -4.103822592909408268e+05 -3.712376541465926566e+05 -3.323254073632791406e+05 -2.933420466937940801e+05 -2.533349466805007251e+05 -2.109933631682265550e+05 -1.669364049135840032e+05 -1.213151314203718939e+05 -7.605348384585327585e+04 -3.132848857915958433e+04 1.264276547083985497e+04 5.651552661224025360e+04 1.007252424227053707e+05 1.449545712513347971e+05 1.882666081824252615e+05 2.305174923544487974e+05 2.738483292638951680e+05 3.176018366536312969e+05 3.619192947279858054e+05 4.076055193229396828e+05 4.558739876699923771e+05 5.114805510900435620e+05 5.734536271149272798e+05 6.469931936251532752e+05 6.929957943516187370e+05 7.176728331083065132e+05 7.308988984093684703e+05 7.362504136396786198e+05 7.340290910185350804e+05 7.245329643473929027e+05 7.048978085533785634e+05 6.742716231871758355e+05 6.258973923874405446e+05 5.635203305036807433e+05 4.856627716277412837e+05 2.678040237796868896e+05 6.009926378385910357e+04 -1.259346758228735125e+05 -4.188976256618067273e+05
-6.439951012604964199e+05 -7.032489644129434600e+05 -7.489601737053388497e+05 -7.814943394382887054e+05 -8.046007907145848731e+05 -8.213755179752848344e+05 -8.326330860468099127e+05 -8.406791073445690563e+05 -8.465923053135891678e+05 -8.499320484527405351e+05 -8.524696133713634918e+05 -8.537019187805171823e+05 -8.529260354346426902e+05 -8.494552926899152808e+05 -8.415008293621570338e+05 -8.235113901345871855e+05 -7.903185357112006750e+05 -7.614891881439822027e+05 -7.318297803034405224e+05 -6.983696617510166252e+05 -6.590089562191169243e+05 -6.147740938755352981e+05 -5.677256164436963154e+05 -5.212808379059380386e+05 -4.757783188302142662e+05 -4.319421705959208193e+05 -3.900809284933893359e+05 -3.491134127202273812e+05 -3.083701465677218512e+05 -2.667129342371214298e+05 -2.226095169756903197e+05 -1.768051225003750296e+05 -1.297155338807392836e+05 -8.323212326610683522e+04 -3.757040988011980517e+04 7.587354233919219041e+03 5.241392748028074129e+04 9.767955699349319912e+04 1.431620712410739507e+05 1.883919362354297482e+05 2.320461417818784248e+05 2.764685745652337209e+05 3.212393978687085328e+05 3.666537615319109173e+05 4.133548605288137333e+05 4.629235574680122081e+05 5.201174846497470280e+05 5.834502495923599927e+05 6.600987060523267137e+05 7.078586862222034251e+05 7.332905524306275183e+05 7.463071335466124583e+05 7.505783030929767992e+05 7.479577195965476567e+05 7.373036819856683724e+05 7.150158288825231139e+05 6.808475445871551055e+05 6.315982516703857109e+05 5.722602355235549621e+05 5.181473280481583788e+05 3.663278573938591289e+05 6.356614155910778936e+04 -2.592383431863838632e+05 -5.307645245457338169e+05
