# 2000K, log g = 4.5, fsed 4, m 0
#	P	T	kzz	mean_molecular_weight
7.312300000000000e+06	3.124720000000000e+03	1.800000000000000e+10	2.262911695960343e+00
6.498100000000000e+06	3.074020000000000e+03	1.800000000000000e+10	2.269176252767071e+00
5.774500000000000e+06	3.023250000000000e+03	1.800000000000000e+10	2.276927683583674e+00
5.131600000000000e+06	2.972440000000000e+03	1.800000000000000e+10	2.282564393458487e+00
4.560200000000000e+06	2.921640000000000e+03	1.800000000000000e+10	2.289923948990571e+00
4.052400000000000e+06	2.870870000000000e+03	1.800000000000000e+10	2.295158002291736e+00
3.601200000000000e+06	2.820200000000000e+03	1.800000000000000e+10	2.301749384367708e+00
3.200200000000000e+06	2.769120000000000e+03	1.800000000000000e+10	2.306343313580422e+00
2.843900000000000e+06	2.717580000000000e+03	1.750000000000000e+10	2.312653212320019e+00
2.527200000000000e+06	2.665540000000000e+03	1.700000000000000e+10	2.316988571447112e+00
2.245800000000000e+06	2.612990000000000e+03	1.650000000000000e+10	2.321139436819605e+00
1.995800000000000e+06	2.559920000000000e+03	1.550000000000000e+10	2.325028305670042e+00
1.773600000000000e+06	2.506350000000000e+03	1.450000000000000e+10	2.329697235863935e+00
1.576100000000000e+06	2.452290000000000e+03	1.350000000000000e+10	2.332989413608099e+00
1.400600000000000e+06	2.397660000000000e+03	1.250000000000000e+10	2.335537387986224e+00
1.244600000000000e+06	2.342390000000000e+03	1.150000000000000e+10	2.337977516874433e+00
1.106100000000000e+06	2.286390000000000e+03	1.010000000000000e+10	2.341707285949692e+00
9.829000000000000e+05	2.229700000000000e+03	8.450000000000000e+09	2.343346359507342e+00
8.734600000000000e+05	2.173020000000000e+03	6.800000000000000e+09	2.344940604519048e+00
7.762000000000000e+05	2.116260000000000e+03	4.900000000000000e+09	2.346181422964907e+00
6.897700000000000e+05	2.059320000000000e+03	3.250000000000000e+09	2.347096063573038e+00
6.129700000000000e+05	2.008500000000000e+03	2.200000000000000e+09	2.347648343093442e+00
5.447200000000000e+05	1.965010000000000e+03	1.550000000000000e+09	2.348237061519162e+00
4.840700000000000e+05	1.924630000000000e+03	1.300000000000000e+09	2.348691406185766e+00
4.301700000000000e+05	1.884850000000000e+03	1.300000000000000e+09	2.348630478468514e+00
3.822700000000000e+05	1.846450000000000e+03	1.300000000000000e+09	2.348827598845543e+00
3.397100000000000e+05	1.810420000000000e+03	1.300000000000000e+09	2.349101024825231e+00
3.018800000000000e+05	1.777210000000000e+03	1.300000000000000e+09	2.348872113462822e+00
2.682700000000000e+05	1.749930000000000e+03	1.300000000000000e+09	2.348545331692142e+00
2.384000000000000e+05	1.727560000000000e+03	1.300000000000000e+09	2.348398576187995e+00
2.118500000000000e+05	1.704660000000000e+03	1.350000000000000e+09	2.348336631568404e+00
1.882600000000000e+05	1.680290000000000e+03	1.400000000000000e+09	2.347915360808875e+00
1.673000000000000e+05	1.654520000000000e+03	1.400000000000000e+09	2.347506112154010e+00
1.486700000000000e+05	1.627860000000000e+03	1.400000000000000e+09	2.347227872221101e+00
1.321200000000000e+05	1.602730000000000e+03	1.450000000000000e+09	2.346737530391488e+00
1.174100000000000e+05	1.583170000000000e+03	1.500000000000000e+09	2.346515021893554e+00
1.043400000000000e+05	1.566910000000000e+03	1.500000000000000e+09	2.346317314159496e+00
9.271800000000000e+04	1.548740000000000e+03	1.550000000000000e+09	2.346031477964141e+00
8.239400000000000e+04	1.528720000000000e+03	1.600000000000000e+09	2.345738505349375e+00
7.322000000000000e+04	1.510810000000000e+03	1.600000000000000e+09	2.345488113454666e+00
6.506700000000000e+04	1.496040000000000e+03	1.650000000000000e+09	2.345338854541493e+00
5.782200000000000e+04	1.481940000000000e+03	1.700000000000000e+09	2.345303087364462e+00
5.138400000000000e+04	1.466170000000000e+03	1.750000000000000e+09	2.345239921720567e+00
4.566300000000000e+04	1.447460000000000e+03	1.800000000000000e+09	2.345164859538815e+00
4.057800000000000e+04	1.426500000000000e+03	1.800000000000000e+09	2.345048371539454e+00
3.606000000000000e+04	1.402310000000000e+03	1.850000000000000e+09	2.344912867892994e+00
3.204500000000000e+04	1.375390000000000e+03	1.900000000000000e+09	2.344883152906306e+00
2.847700000000000e+04	1.347150000000000e+03	1.900000000000000e+09	2.344886903146307e+00
2.530600000000000e+04	1.319940000000000e+03	1.900000000000000e+09	2.344863391932748e+00
2.248800000000000e+04	1.295310000000000e+03	1.950000000000000e+09	2.344852360106612e+00
1.998400000000000e+04	1.273410000000000e+03	2.000000000000000e+09	2.344853310060673e+00
1.775900000000000e+04	1.254030000000000e+03	2.000000000000000e+09	2.344854155847354e+00
1.578200000000000e+04	1.236740000000000e+03	2.050000000000000e+09	2.344857976907850e+00
1.402500000000000e+04	1.221080000000000e+03	2.100000000000000e+09	2.344858434717620e+00
1.246300000000000e+04	1.206660000000000e+03	2.150000000000000e+09	2.344858812306857e+00
1.107500000000000e+04	1.193240000000000e+03	2.200000000000000e+09	2.344859032208779e+00
9.842100000000000e+03	1.180590000000000e+03	2.250000000000000e+09	2.344859372162463e+00
8.746200000000001e+03	1.168390000000000e+03	2.300000000000000e+09	2.344859497777490e+00
7.772300000000000e+03	1.156530000000000e+03	2.350000000000000e+09	2.344859598796281e+00
6.906900000000000e+03	1.144930000000000e+03	2.450000000000000e+09	2.344859670602965e+00
6.137900000000000e+03	1.133540000000000e+03	2.500000000000000e+09	2.344859929214832e+00
5.454400000000000e+03	1.122300000000000e+03	2.550000000000000e+09	2.344859964569675e+00
4.847100000000000e+03	1.111140000000000e+03	2.650000000000000e+09	2.344860027561526e+00
4.307400000000001e+03	1.100080000000000e+03	2.700000000000000e+09	2.344860080604486e+00
3.827800000000000e+03	1.089130000000000e+03	2.750000000000000e+09	2.344834696927753e+00
3.401600000000000e+03	1.078290000000000e+03	2.850000000000000e+09	2.344834987446586e+00
3.022800000000000e+03	1.067490000000000e+03	2.950000000000000e+09	2.344860741175593e+00
2.686300000000000e+03	1.056750000000000e+03	3.000000000000000e+09	2.344835445749486e+00
2.387100000000000e+03	1.046060000000000e+03	3.050000000000000e+09	2.344835783301939e+00
2.121300000000000e+03	1.035420000000000e+03	3.150000000000000e+09	2.344835915017367e+00
1.885100000000000e+03	1.024820000000000e+03	3.250000000000000e+09	2.344820667090462e+00
1.675200000000000e+03	1.014280000000000e+03	3.350000000000000e+09	2.344820807222585e+00
1.488700000000000e+03	1.003790000000000e+03	3.400000000000000e+09	2.344821070840445e+00
1.322900000000000e+03	9.944800000000000e+02	3.450000000000000e+09	2.344821474503384e+00
1.175600000000000e+03	9.873400000000000e+02	3.600000000000000e+09	2.344821781723120e+00
1.044700000000000e+03	9.808099999999999e+02	3.750000000000000e+09	2.344822073317535e+00
9.284000000000000e+02	9.750000000000000e+02	3.850000000000000e+09	2.344822316291143e+00
8.250000000000000e+02	9.697200000000000e+02	3.950000000000000e+09	2.344822591510748e+00
7.332000000000000e+02	9.648700000000000e+02	4.050000000000000e+09	2.344822786717079e+00
6.515000000000000e+02	9.603200000000001e+02	4.200000000000000e+09	2.344822981842807e+00
5.790000000000000e+02	9.560200000000000e+02	4.350000000000000e+09	2.344823176256833e+00
5.145000000000000e+02	9.515599999999999e+02	4.500000000000000e+09	2.344823384314303e+00
4.572000000000000e+02	9.455800000000000e+02	4.650000000000000e+09	2.344823777863718e+00
4.063000000000000e+02	9.379600000000000e+02	4.800000000000000e+09	2.344824323438847e+00
3.611000000000000e+02	9.296100000000000e+02	4.950000000000000e+09	2.344824923125970e+00
3.209000000000000e+02	9.202100000000000e+02	5.050000000000000e+09	2.344825705083108e+00
2.851000000000000e+02	9.091900000000001e+02	5.150000000000000e+09	2.344826646007462e+00
2.534000000000000e+02	8.991700000000000e+02	5.300000000000000e+09	2.344827618263143e+00
2.252000000000000e+02	8.931000000000000e+02	5.450000000000000e+09	2.344828187882321e+00
2.001000000000000e+02	8.887700000000000e+02	5.600000000000000e+09	2.344828600913798e+00
1.778000000000000e+02	8.847100000000000e+02	5.800000000000000e+09	2.344828977093691e+00
