0
             100000.00000
             200000.00000
             300000.00000
             400000.00000
             500000.00000
             600000.00000
             700000.00000
             800000.00000
             900000.00000
            1000000.00000
            1100000.00000
            1200000.00000
            1300000.00000
            1400000.00000
            1500000.00000
            1600000.00000
            1700000.00000
            1800000.00000
            1900000.00000
            2000000.00000
            2100000.00000
            2200000.00000
            2300000.00000
            2400000.00000
