# Adiabatic gradient and specific heat for a hydrogen/helium mixture.
#
# Adiabatic gradient \nabla_ad = d ln T/ d ln P |_S (at constant entropy) for a mixture of hydrogen and helium with He mass fraction of Y=0.28. This includes H2 <--> 2H dissociation and a detailed accounting of the molecular vibrational and rotational levels.
#
# specific heat: log Cp (erg/g/K);Specific heat at constant pressure for the same H/He mixture as adiabat gradient.
#
# author: Saumon, Didier <dsaumon@lanl.gov>
# obtained via the PICASO reference data (climate_INPUTS/specific_heat_p_adiabat_grad.json)
#
# axes: log10 T (Kelvin), log10 P (bars)
# layout: nt np, then the T axis, the P axis, then adiabat_grad and specific_heat as nt rows of np values
#
53 26
  1.00000e+00  1.05000e+00  1.10000e+00  1.15000e+00  1.20000e+00  1.25000e+00  1.30000e+00  1.35000e+00  1.40000e+00  1.45000e+00  1.50000e+00  1.55000e+00  1.60000e+00  1.65000e+00  1.70000e+00  1.75000e+00  1.80000e+00  1.85000e+00  1.90000e+00  1.95000e+00  2.00000e+00  2.05000e+00  2.10000e+00  2.15000e+00  2.20000e+00  2.25000e+00  2.30000e+00  2.35000e+00  2.40000e+00  2.45000e+00  2.50000e+00  2.55000e+00  2.60000e+00  2.65000e+00  2.70000e+00  2.75000e+00  2.80000e+00  2.85000e+00  2.90000e+00  2.95000e+00  3.00000e+00  3.05000e+00  3.10000e+00  3.15000e+00  3.20000e+00  3.25000e+00  3.30000e+00  3.35000e+00  3.40000e+00  3.45000e+00  3.50000e+00  3.55000e+00  3.60000e+00
 -2.00000e+00 -1.80000e+00 -1.60000e+00 -1.40000e+00 -1.20000e+00 -1.00000e+00 -8.00000e-01 -6.00000e-01 -4.00000e-01 -2.00000e-01  0.00000e+00  2.00000e-01  4.00000e-01  6.00000e-01  8.00000e-01  1.00000e+00  1.20000e+00  1.40000e+00  1.60000e+00  1.80000e+00  2.00000e+00  2.20000e+00  2.40000e+00  2.60000e+00  2.80000e+00  3.00000e+00
  3.99990e-01  3.99990e-01  3.99990e-01  3.99990e-01  3.99990e-01  3.99990e-01  3.99990e-01  3.99990e-01  3.99990e-01  3.99990e-01  3.99990e-01  3.99990e-01  3.99990e-01  3.99990e-01  3.99990e-01  3.99990e-01  3.99990e-01  3.99990e-01  3.99990e-01  3.99990e-01  3.99990e-01  3.99990e-01  3.99990e-01  3.99990e-01  3.99990e-01  3.99990e-01
  3.99930e-01  3.99930e-01  3.99930e-01  3.99930e-01  3.99930e-01  3.99930e-01  3.99930e-01  3.99930e-01  3.99930e-01  3.99930e-01  3.99930e-01  3.99930e-01  3.99930e-01  3.99930e-01  3.99930e-01  3.99930e-01  3.99930e-01  3.99930e-01  3.99930e-01  3.99930e-01  3.99930e-01  3.99930e-01  3.99930e-01  3.99930e-01  3.99930e-01  3.99930e-01
  3.99710e-01  3.99710e-01  3.99710e-01  3.99710e-01  3.99710e-01  3.99710e-01  3.99710e-01  3.99710e-01  3.99710e-01  3.99710e-01  3.99710e-01  3.99710e-01  3.99710e-01  3.99710e-01  3.99710e-01  3.99710e-01  3.99710e-01  3.99710e-01  3.99710e-01  3.99710e-01  3.99710e-01  3.99710e-01  3.99710e-01  3.99710e-01  3.99710e-01  3.99710e-01
  3.98990e-01  3.98990e-01  3.98990e-01  3.98990e-01  3.98990e-01  3.98990e-01  3.98990e-01  3.98990e-01  3.98990e-01  3.98990e-01  3.98990e-01  3.98990e-01  3.98990e-01  3.98990e-01  3.98990e-01  3.98990e-01  3.98990e-01  3.98990e-01  3.98990e-01  3.98990e-01  3.98990e-01  3.98990e-01  3.98990e-01  3.98990e-01  3.98990e-01  3.98990e-01
  3.97030e-01  3.97030e-01  3.97030e-01  3.97030e-01  3.97030e-01  3.97030e-01  3.97030e-01  3.97030e-01  3.97030e-01  3.97030e-01  3.97030e-01  3.97030e-01  3.97030e-01  3.97030e-01  3.97030e-01  3.97030e-01  3.97030e-01  3.97030e-01  3.97030e-01  3.97030e-01  3.97030e-01  3.97030e-01  3.97030e-01  3.97030e-01  3.97030e-01  3.97030e-01
  3.92490e-01  3.92490e-01  3.92490e-01  3.92490e-01  3.92490e-01  3.92490e-01  3.92490e-01  3.92490e-01  3.92490e-01  3.92490e-01  3.92490e-01  3.92490e-01  3.92490e-01  3.92490e-01  3.92490e-01  3.92490e-01  3.92490e-01  3.92490e-01  3.92490e-01  3.92490e-01  3.92490e-01  3.92490e-01  3.92490e-01  3.92490e-01  3.92490e-01  3.92490e-01
  3.83530e-01  3.83530e-01  3.83530e-01  3.83530e-01  3.83530e-01  3.83530e-01  3.83530e-01  3.83530e-01  3.83530e-01  3.83530e-01  3.83530e-01  3.83530e-01  3.83530e-01  3.83530e-01  3.83530e-01  3.83530e-01  3.83530e-01  3.83530e-01  3.83530e-01  3.83530e-01  3.83530e-01  3.83530e-01  3.83530e-01  3.83530e-01  3.83530e-01  3.83530e-01
  3.68380e-01  3.68380e-01  3.68380e-01  3.68380e-01  3.68380e-01  3.68380e-01  3.68380e-01  3.68380e-01  3.68380e-01  3.68380e-01  3.68380e-01  3.68380e-01  3.68380e-01  3.68380e-01  3.68380e-01  3.68380e-01  3.68380e-01  3.68380e-01  3.68380e-01  3.68380e-01  3.68380e-01  3.68380e-01  3.68380e-01  3.68380e-01  3.68380e-01  3.68380e-01
  3.46580e-01  3.46580e-01  3.46580e-01  3.46580e-01  3.46580e-01  3.46580e-01  3.46580e-01  3.46580e-01  3.46580e-01  3.46580e-01  3.46580e-01  3.46580e-01  3.46580e-01  3.46580e-01  3.46580e-01  3.46580e-01  3.46580e-01  3.46580e-01  3.46580e-01  3.46580e-01  3.46580e-01  3.46580e-01  3.46580e-01  3.46580e-01  3.46580e-01  3.46580e-01
  3.19900e-01  3.19900e-01  3.19900e-01  3.19900e-01  3.19900e-01  3.19900e-01  3.19900e-01  3.19900e-01  3.19900e-01  3.19900e-01  3.19900e-01  3.19900e-01  3.19900e-01  3.19900e-01  3.19900e-01  3.19900e-01  3.19900e-01  3.19900e-01  3.19900e-01  3.19900e-01  3.19900e-01  3.19900e-01  3.19900e-01  3.19900e-01  3.19900e-01  3.19900e-01
  2.92140e-01  2.92140e-01  2.92140e-01  2.92140e-01  2.92140e-01  2.92140e-01  2.92140e-01  2.92140e-01  2.92140e-01  2.92140e-01  2.92140e-01  2.92140e-01  2.92140e-01  2.92140e-01  2.92140e-01  2.92140e-01  2.92140e-01  2.92140e-01  2.92140e-01  2.92140e-01  2.92140e-01  2.92140e-01  2.92140e-01  2.92140e-01  2.92140e-01  2.92140e-01
  2.67540e-01  2.67540e-01  2.67540e-01  2.67540e-01  2.67540e-01  2.67540e-01  2.67540e-01  2.67540e-01  2.67540e-01  2.67540e-01  2.67540e-01  2.67540e-01  2.67540e-01  2.67540e-01  2.67540e-01  2.67540e-01  2.67540e-01  2.67540e-01  2.67540e-01  2.67540e-01  2.67540e-01  2.67540e-01  2.67540e-01  2.67540e-01  2.67540e-01  2.67540e-01
  2.49270e-01  2.49270e-01  2.49270e-01  2.49270e-01  2.49270e-01  2.49270e-01  2.49270e-01  2.49270e-01  2.49270e-01  2.49270e-01  2.49270e-01  2.49270e-01  2.49270e-01  2.49270e-01  2.49270e-01  2.49270e-01  2.49270e-01  2.49270e-01  2.49270e-01  2.49270e-01  2.49270e-01  2.49270e-01  2.49270e-01  2.49270e-01  2.49270e-01  2.49270e-01
  2.38890e-01  2.38890e-01  2.38890e-01  2.38890e-01  2.38890e-01  2.38890e-01  2.38890e-01  2.38890e-01  2.38890e-01  2.38890e-01  2.38890e-01  2.38890e-01  2.38890e-01  2.38890e-01  2.38890e-01  2.38890e-01  2.38890e-01  2.38890e-01  2.38890e-01  2.38890e-01  2.38890e-01  2.38890e-01  2.38890e-01  2.38890e-01  2.38890e-01  2.38890e-01
  2.36540e-01  2.36540e-01  2.36540e-01  2.36540e-01  2.36540e-01  2.36540e-01  2.36540e-01  2.36540e-01  2.36540e-01  2.36540e-01  2.36540e-01  2.36540e-01  2.36540e-01  2.36540e-01  2.36540e-01  2.36540e-01  2.36540e-01  2.36540e-01  2.36540e-01  2.36540e-01  2.36540e-01  2.36540e-01  2.36540e-01  2.36540e-01  2.36540e-01  2.36540e-01
  2.41390e-01  2.41390e-01  2.41390e-01  2.41390e-01  2.41390e-01  2.41390e-01  2.41390e-01  2.41390e-01  2.41390e-01  2.41390e-01  2.41390e-01  2.41390e-01  2.41390e-01  2.41390e-01  2.41390e-01  2.41390e-01  2.41390e-01  2.41390e-01  2.41390e-01  2.41390e-01  2.41390e-01  2.41390e-01  2.41390e-01  2.41390e-01  2.41390e-01  2.41390e-01
  2.51880e-01  2.51880e-01  2.51880e-01  2.51880e-01  2.51880e-01  2.51880e-01  2.51880e-01  2.51880e-01  2.51880e-01  2.51880e-01  2.51880e-01  2.51880e-01  2.51880e-01  2.51880e-01  2.51880e-01  2.51880e-01  2.51880e-01  2.51880e-01  2.51880e-01  2.51880e-01  2.51880e-01  2.51880e-01  2.51880e-01  2.51880e-01  2.51880e-01  2.51880e-01
  2.65980e-01  2.65980e-01  2.65980e-01  2.65980e-01  2.65980e-01  2.65980e-01  2.65980e-01  2.65980e-01  2.65980e-01  2.65980e-01  2.65980e-01  2.65980e-01  2.65980e-01  2.65980e-01  2.65980e-01  2.65980e-01  2.65980e-01  2.65980e-01  2.65980e-01  2.65980e-01  2.65980e-01  2.65980e-01  2.65980e-01  2.65980e-01  2.65980e-01  2.65980e-01
  2.81440e-01  2.81440e-01  2.81440e-01  2.81440e-01  2.81440e-01  2.81440e-01  2.81440e-01  2.81440e-01  2.81440e-01  2.81440e-01  2.81440e-01  2.81440e-01  2.81440e-01  2.81440e-01  2.81440e-01  2.81440e-01  2.81440e-01  2.81440e-01  2.81440e-01  2.81440e-01  2.81440e-01  2.81440e-01  2.81440e-01  2.81440e-01  2.81440e-01  2.81440e-01
  2.96200e-01  2.96200e-01  2.96200e-01  2.96200e-01  2.96200e-01  2.96200e-01  2.96200e-01  2.96200e-01  2.96200e-01  2.96200e-01  2.96200e-01  2.96200e-01  2.96200e-01  2.96200e-01  2.96200e-01  2.96200e-01  2.96200e-01  2.96200e-01  2.96200e-01  2.96200e-01  2.96200e-01  2.96200e-01  2.96200e-01  2.96200e-01  2.96200e-01  2.96200e-01
  3.08650e-01  3.08650e-01  3.08650e-01  3.08650e-01  3.08650e-01  3.08650e-01  3.08650e-01  3.08650e-01  3.08650e-01  3.08650e-01  3.08650e-01  3.08650e-01  3.08650e-01  3.08650e-01  3.08650e-01  3.08650e-01  3.08650e-01  3.08650e-01  3.08650e-01  3.08650e-01  3.08650e-01  3.08650e-01  3.08650e-01  3.08650e-01  3.08650e-01  3.08650e-01
  3.17790e-01  3.17790e-01  3.17790e-01  3.17790e-01  3.17790e-01  3.17790e-01  3.17790e-01  3.17790e-01  3.17790e-01  3.17790e-01  3.17790e-01  3.17790e-01  3.17790e-01  3.17790e-01  3.17790e-01  3.17790e-01  3.17790e-01  3.17790e-01  3.17790e-01  3.17790e-01  3.17790e-01  3.17790e-01  3.17790e-01  3.17790e-01  3.17790e-01  3.17790e-01
  3.23190e-01  3.23190e-01  3.23190e-01  3.23190e-01  3.23190e-01  3.23190e-01  3.23190e-01  3.23190e-01  3.23190e-01  3.23190e-01  3.23190e-01  3.23190e-01  3.23190e-01  3.23190e-01  3.23190e-01  3.23190e-01  3.23190e-01  3.23190e-01  3.23190e-01  3.23190e-01  3.23190e-01  3.23190e-01  3.23190e-01  3.23190e-01  3.23190e-01  3.23190e-01
  3.24960e-01  3.24960e-01  3.24960e-01  3.24960e-01  3.24960e-01  3.24960e-01  3.24960e-01  3.24960e-01  3.24960e-01  3.24960e-01  3.24960e-01  3.24960e-01  3.24960e-01  3.24960e-01  3.24960e-01  3.24960e-01  3.24960e-01  3.24960e-01  3.24960e-01  3.24960e-01  3.24960e-01  3.24960e-01  3.24960e-01  3.24960e-01  3.24960e-01  3.24960e-01
  3.23630e-01  3.23630e-01  3.23630e-01  3.23630e-01  3.23630e-01  3.23630e-01  3.23630e-01  3.23630e-01  3.23630e-01  3.23630e-01  3.23630e-01  3.23630e-01  3.23630e-01  3.23630e-01  3.23630e-01  3.23630e-01  3.23630e-01  3.23630e-01  3.23630e-01  3.23630e-01  3.23630e-01  3.23630e-01  3.23630e-01  3.23630e-01  3.23630e-01  3.23630e-01
  3.20120e-01  3.20120e-01  3.20120e-01  3.20120e-01  3.20120e-01  3.20120e-01  3.20120e-01  3.20120e-01  3.20120e-01  3.20120e-01  3.20120e-01  3.20120e-01  3.20120e-01  3.20120e-01  3.20120e-01  3.20120e-01  3.20120e-01  3.20120e-01  3.20120e-01  3.20120e-01  3.20120e-01  3.20120e-01  3.20120e-01  3.20120e-01  3.20120e-01  3.20120e-01
  3.15470e-01  3.15470e-01  3.15470e-01  3.15470e-01  3.15470e-01  3.15470e-01  3.15470e-01  3.15470e-01  3.15470e-01  3.15470e-01  3.15470e-01  3.15470e-01  3.15470e-01  3.15470e-01  3.15470e-01  3.15470e-01  3.15470e-01  3.15470e-01  3.15470e-01  3.15470e-01  3.15470e-01  3.15470e-01  3.15470e-01  3.15470e-01  3.15470e-01  3.15470e-01
  3.10690e-01  3.10690e-01  3.10690e-01  3.10690e-01  3.10690e-01  3.10690e-01  3.10690e-01  3.10690e-01  3.10690e-01  3.10690e-01  3.10690e-01  3.10690e-01  3.10690e-01  3.10690e-01  3.10690e-01  3.10690e-01  3.10690e-01  3.10690e-01  3.10690e-01  3.10690e-01  3.10690e-01  3.10690e-01  3.10690e-01  3.10690e-01  3.10690e-01  3.10690e-01
  3.06490e-01  3.06490e-01  3.06490e-01  3.06490e-01  3.06490e-01  3.06490e-01  3.06490e-01  3.06490e-01  3.06490e-01  3.06490e-01  3.06490e-01  3.06490e-01  3.06490e-01  3.06490e-01  3.06490e-01  3.06490e-01  3.06490e-01  3.06490e-01  3.06490e-01  3.06490e-01  3.06490e-01  3.06490e-01  3.06490e-01  3.06490e-01  3.06490e-01  3.06490e-01
  3.03270e-01  3.03270e-01  3.03270e-01  3.03270e-01  3.03270e-01  3.03270e-01  3.03270e-01  3.03270e-01  3.03270e-01  3.03270e-01  3.03270e-01  3.03270e-01  3.03270e-01  3.03270e-01  3.03270e-01  3.03270e-01  3.03270e-01  3.03270e-01  3.03270e-01  3.03270e-01  3.03270e-01  3.03270e-01  3.03270e-01  3.03270e-01  3.03270e-01  3.03270e-01
  3.01070e-01  3.01070e-01  3.01070e-01  3.01070e-01  3.01070e-01  3.01070e-01  3.01070e-01  3.01070e-01  3.01070e-01  3.01070e-01  3.01070e-01  3.01070e-01  3.01070e-01  3.01070e-01  3.01070e-01  3.01070e-01  3.01070e-01  3.01070e-01  3.01070e-01  3.01070e-01  3.01070e-01  3.01070e-01  3.01070e-01  3.01070e-01  3.01070e-01  3.01070e-01
  2.99710e-01  2.99710e-01  2.99710e-01  2.99710e-01  2.99710e-01  2.99710e-01  2.99710e-01  2.99710e-01  2.99710e-01  2.99710e-01  2.99710e-01  2.99710e-01  2.99710e-01  2.99710e-01  2.99710e-01  2.99710e-01  2.99710e-01  2.99710e-01  2.99710e-01  2.99710e-01  2.99710e-01  2.99710e-01  2.99710e-01  2.99710e-01  2.99710e-01  2.99710e-01
  2.98940e-01  2.98940e-01  2.98940e-01  2.98940e-01  2.98940e-01  2.98940e-01  2.98940e-01  2.98940e-01  2.98940e-01  2.98940e-01  2.98940e-01  2.98940e-01  2.98940e-01  2.98940e-01  2.98940e-01  2.98940e-01  2.98940e-01  2.98940e-01  2.98940e-01  2.98940e-01  2.98940e-01  2.98940e-01  2.98940e-01  2.98940e-01  2.98940e-01  2.98940e-01
  2.98500e-01  2.98500e-01  2.98500e-01  2.98500e-01  2.98500e-01  2.98500e-01  2.98500e-01  2.98500e-01  2.98500e-01  2.98500e-01  2.98500e-01  2.98500e-01  2.98500e-01  2.98500e-01  2.98500e-01  2.98500e-01  2.98500e-01  2.98500e-01  2.98500e-01  2.98500e-01  2.98500e-01  2.98500e-01  2.98500e-01  2.98500e-01  2.98500e-01  2.98500e-01
  2.98170e-01  2.98170e-01  2.98170e-01  2.98170e-01  2.98170e-01  2.98170e-01  2.98170e-01  2.98170e-01  2.98170e-01  2.98170e-01  2.98170e-01  2.98170e-01  2.98170e-01  2.98170e-01  2.98170e-01  2.98170e-01  2.98170e-01  2.98170e-01  2.98170e-01  2.98170e-01  2.98170e-01  2.98170e-01  2.98170e-01  2.98170e-01  2.98170e-01  2.98170e-01
  2.97800e-01  2.97800e-01  2.97800e-01  2.97800e-01  2.97800e-01  2.97800e-01  2.97800e-01  2.97800e-01  2.97800e-01  2.97800e-01  2.97800e-01  2.97800e-01  2.97800e-01  2.97800e-01  2.97800e-01  2.97800e-01  2.97800e-01  2.97800e-01  2.97800e-01  2.97800e-01  2.97800e-01  2.97800e-01  2.97800e-01  2.97800e-01  2.97800e-01  2.97800e-01
  2.97250e-01  2.97250e-01  2.97250e-01  2.97250e-01  2.97250e-01  2.97250e-01  2.97250e-01  2.97250e-01  2.97250e-01  2.97250e-01  2.97250e-01  2.97250e-01  2.97250e-01  2.97250e-01  2.97250e-01  2.97250e-01  2.97250e-01  2.97250e-01  2.97250e-01  2.97250e-01  2.97250e-01  2.97250e-01  2.97250e-01  2.97250e-01  2.97250e-01  2.97250e-01
  2.96340e-01  2.96340e-01  2.96340e-01  2.96340e-01  2.96340e-01  2.96340e-01  2.96340e-01  2.96340e-01  2.96340e-01  2.96340e-01  2.96340e-01  2.96340e-01  2.96340e-01  2.96340e-01  2.96340e-01  2.96340e-01  2.96340e-01  2.96340e-01  2.96340e-01  2.96340e-01  2.96340e-01  2.96340e-01  2.96340e-01  2.96340e-01  2.96340e-01  2.96340e-01
  2.94880e-01  2.94880e-01  2.94880e-01  2.94880e-01  2.94880e-01  2.94880e-01  2.94880e-01  2.94880e-01  2.94880e-01  2.94880e-01  2.94880e-01  2.94880e-01  2.94880e-01  2.94880e-01  2.94880e-01  2.94880e-01  2.94880e-01  2.94880e-01  2.94880e-01  2.94880e-01  2.94880e-01  2.94880e-01  2.94880e-01  2.94880e-01  2.94880e-01  2.94880e-01
  2.92670e-01  2.92670e-01  2.92670e-01  2.92670e-01  2.92670e-01  2.92670e-01  2.92670e-01  2.92670e-01  2.92670e-01  2.92670e-01  2.92670e-01  2.92670e-01  2.92670e-01  2.92670e-01  2.92670e-01  2.92670e-01  2.92670e-01  2.92670e-01  2.92670e-01  2.92670e-01  2.92670e-01  2.92670e-01  2.92670e-01  2.92670e-01  2.92670e-01  2.92670e-01
  2.89580e-01  2.89580e-01  2.89580e-01  2.89580e-01  2.89580e-01  2.89580e-01  2.89580e-01  2.89580e-01  2.89580e-01  2.89580e-01  2.89580e-01  2.89580e-01  2.89580e-01  2.89580e-01  2.89580e-01  2.89580e-01  2.89580e-01  2.89580e-01  2.89580e-01  2.89580e-01  2.89580e-01  2.89580e-01  2.89580e-01  2.89580e-01  2.89580e-01  2.89580e-01
  2.85560e-01  2.85560e-01  2.85570e-01  2.85570e-01  2.85570e-01  2.85570e-01  2.85570e-01  2.85570e-01  2.85570e-01  2.85570e-01  2.85570e-01  2.85580e-01  2.85580e-01  2.85580e-01  2.85580e-01  2.85580e-01  2.85580e-01  2.85580e-01  2.85580e-01  2.85580e-01  2.85580e-01  2.85580e-01  2.85580e-01  2.85580e-01  2.85580e-01  2.85580e-01
  2.80570e-01  2.80610e-01  2.80640e-01  2.80660e-01  2.80680e-01  2.80690e-01  2.80700e-01  2.80710e-01  2.80720e-01  2.80720e-01  2.80730e-01  2.80730e-01  2.80730e-01  2.80740e-01  2.80740e-01  2.80740e-01  2.80740e-01  2.80740e-01  2.80740e-01  2.80740e-01  2.80740e-01  2.80740e-01  2.80740e-01  2.80740e-01  2.80740e-01  2.80740e-01
  2.73960e-01  2.74230e-01  2.74440e-01  2.74610e-01  2.74740e-01  2.74850e-01  2.74940e-01  2.75000e-01  2.75060e-01  2.75100e-01  2.75130e-01  2.75160e-01  2.75180e-01  2.75200e-01  2.75210e-01  2.75220e-01  2.75230e-01  2.75240e-01  2.75240e-01  2.75250e-01  2.75250e-01  2.75250e-01  2.75260e-01  2.75260e-01  2.75260e-01  2.75260e-01
  2.61680e-01  2.63220e-01  2.64460e-01  2.65450e-01  2.66250e-01  2.66880e-01  2.67390e-01  2.67790e-01  2.68110e-01  2.68370e-01  2.68570e-01  2.68740e-01  2.68870e-01  2.68970e-01  2.69050e-01  2.69120e-01  2.69170e-01  2.69210e-01  2.69240e-01  2.69270e-01  2.69290e-01  2.69300e-01  2.69320e-01  2.69330e-01  2.69330e-01  2.69340e-01
  2.30480e-01  2.36430e-01  2.41420e-01  2.45560e-01  2.48970e-01  2.51760e-01  2.54030e-01  2.55870e-01  2.57350e-01  2.58540e-01  2.59490e-01  2.60250e-01  2.60860e-01  2.61350e-01  2.61740e-01  2.62050e-01  2.62300e-01  2.62490e-01  2.62650e-01  2.62770e-01  2.62870e-01  2.62950e-01  2.63010e-01  2.63060e-01  2.63100e-01  2.63130e-01
  1.68040e-01  1.79850e-01  1.90900e-01  2.01000e-01  2.10040e-01  2.17970e-01  2.24820e-01  2.30650e-01  2.35540e-01  2.39610e-01  2.42970e-01  2.45720e-01  2.47960e-01  2.49770e-01  2.51230e-01  2.52400e-01  2.53350e-01  2.54100e-01  2.54710e-01  2.55190e-01  2.55570e-01  2.55880e-01  2.56120e-01  2.56320e-01  2.56470e-01  2.56590e-01
  1.05390e-01  1.15660e-01  1.26700e-01  1.38290e-01  1.50120e-01  1.61890e-01  1.73310e-01  1.84090e-01  1.94040e-01  2.03010e-01  2.10950e-01  2.17850e-01  2.23750e-01  2.28730e-01  2.32880e-01  2.36320e-01  2.39150e-01  2.41450e-01  2.43310e-01  2.44820e-01  2.46040e-01  2.47010e-01  2.47800e-01  2.48420e-01  2.48920e-01  2.49320e-01
  7.50900e-02  8.01900e-02  8.62500e-02  9.33200e-02  1.01390e-01  1.10430e-01  1.20320e-01  1.30890e-01  1.41890e-01  1.53040e-01  1.64060e-01  1.74660e-01  1.84600e-01  1.93710e-01  2.01890e-01  2.09070e-01  2.15290e-01  2.20580e-01  2.25040e-01  2.28750e-01  2.31810e-01  2.34310e-01  2.36350e-01  2.38010e-01  2.39340e-01  2.40410e-01
  7.03400e-02  7.15800e-02  7.36200e-02  7.64600e-02  8.01400e-02  8.46900e-02  9.01800e-02  9.66200e-02  1.04040e-01  1.12370e-01  1.21520e-01  1.31320e-01  1.41560e-01  1.51970e-01  1.62280e-01  1.72230e-01  1.81580e-01  1.90170e-01  1.97880e-01  2.04680e-01  2.10570e-01  2.15590e-01  2.19820e-01  2.23340e-01  2.26250e-01  2.28640e-01
  9.14300e-02  8.54100e-02  8.18800e-02  8.01700e-02  7.98300e-02  8.05900e-02  8.23100e-02  8.49400e-02  8.84500e-02  9.28800e-02  9.82300e-02  1.04520e-01  1.11710e-01  1.19730e-01  1.28460e-01  1.37720e-01  1.47290e-01  1.56900e-01  1.66300e-01  1.75270e-01  1.83610e-01  1.91190e-01  1.97940e-01  2.03840e-01  2.08910e-01  2.13210e-01
  1.86920e-01  1.57500e-01  1.34430e-01  1.17580e-01  1.05990e-01  9.84700e-02  9.39400e-02  9.16100e-02  9.09300e-02  9.15500e-02  9.32900e-02  9.60300e-02  9.97300e-02  1.04370e-01  1.09920e-01  1.16360e-01  1.23590e-01  1.31500e-01  1.39920e-01  1.48640e-01  1.57420e-01  1.66030e-01  1.74260e-01  1.81920e-01  1.88890e-01  1.95100e-01
  3.28860e-01  3.00750e-01  2.67760e-01  2.32670e-01  1.99030e-01  1.69880e-01  1.46770e-01  1.29790e-01  1.18090e-01  1.10520e-01  1.06060e-01  1.03890e-01  1.03470e-01  1.04450e-01  1.06620e-01  1.09840e-01  1.14040e-01  1.19150e-01  1.25100e-01  1.31790e-01  1.39070e-01  1.46770e-01  1.54680e-01  1.62570e-01  1.70240e-01  1.77500e-01
  7.94836e+00  7.94836e+00  7.94836e+00  7.94836e+00  7.94836e+00  7.94836e+00  7.94836e+00  7.94836e+00  7.94836e+00  7.94836e+00  7.94836e+00  7.94836e+00  7.94836e+00  7.94836e+00  7.94836e+00  7.94836e+00  7.94836e+00  7.94836e+00  7.94836e+00  7.94836e+00  7.94836e+00  7.94836e+00  7.94836e+00  7.94836e+00  7.94836e+00  7.94836e+00
  7.94843e+00  7.94843e+00  7.94843e+00  7.94843e+00  7.94843e+00  7.94843e+00  7.94843e+00  7.94843e+00  7.94843e+00  7.94843e+00  7.94843e+00  7.94843e+00  7.94843e+00  7.94843e+00  7.94843e+00  7.94843e+00  7.94843e+00  7.94843e+00  7.94843e+00  7.94843e+00  7.94843e+00  7.94843e+00  7.94843e+00  7.94843e+00  7.94843e+00  7.94843e+00
  7.94867e+00  7.94867e+00  7.94867e+00  7.94867e+00  7.94867e+00  7.94867e+00  7.94867e+00  7.94867e+00  7.94867e+00  7.94867e+00  7.94867e+00  7.94867e+00  7.94867e+00  7.94867e+00  7.94867e+00  7.94867e+00  7.94867e+00  7.94867e+00  7.94867e+00  7.94867e+00  7.94867e+00  7.94867e+00  7.94867e+00  7.94867e+00  7.94867e+00  7.94867e+00
  7.94945e+00  7.94945e+00  7.94945e+00  7.94945e+00  7.94945e+00  7.94945e+00  7.94945e+00  7.94945e+00  7.94945e+00  7.94945e+00  7.94945e+00  7.94945e+00  7.94945e+00  7.94945e+00  7.94945e+00  7.94945e+00  7.94945e+00  7.94945e+00  7.94945e+00  7.94945e+00  7.94945e+00  7.94945e+00  7.94945e+00  7.94945e+00  7.94945e+00  7.94945e+00
  7.95159e+00  7.95159e+00  7.95159e+00  7.95159e+00  7.95159e+00  7.95159e+00  7.95159e+00  7.95159e+00  7.95159e+00  7.95159e+00  7.95159e+00  7.95159e+00  7.95159e+00  7.95159e+00  7.95159e+00  7.95159e+00  7.95159e+00  7.95159e+00  7.95159e+00  7.95159e+00  7.95159e+00  7.95159e+00  7.95159e+00  7.95159e+00  7.95159e+00  7.95159e+00
  7.95658e+00  7.95658e+00  7.95658e+00  7.95658e+00  7.95658e+00  7.95658e+00  7.95658e+00  7.95658e+00  7.95658e+00  7.95658e+00  7.95658e+00  7.95658e+00  7.95658e+00  7.95658e+00  7.95658e+00  7.95658e+00  7.95658e+00  7.95658e+00  7.95658e+00  7.95658e+00  7.95658e+00  7.95658e+00  7.95658e+00  7.95658e+00  7.95658e+00  7.95658e+00
  7.96661e+00  7.96661e+00  7.96661e+00  7.96661e+00  7.96661e+00  7.96661e+00  7.96661e+00  7.96661e+00  7.96661e+00  7.96661e+00  7.96661e+00  7.96661e+00  7.96661e+00  7.96661e+00  7.96661e+00  7.96661e+00  7.96661e+00  7.96661e+00  7.96661e+00  7.96661e+00  7.96661e+00  7.96661e+00  7.96661e+00  7.96661e+00  7.96661e+00  7.96661e+00
  7.98411e+00  7.98411e+00  7.98411e+00  7.98411e+00  7.98411e+00  7.98411e+00  7.98411e+00  7.98411e+00  7.98411e+00  7.98411e+00  7.98411e+00  7.98411e+00  7.98411e+00  7.98411e+00  7.98411e+00  7.98411e+00  7.98411e+00  7.98411e+00  7.98411e+00  7.98411e+00  7.98411e+00  7.98411e+00  7.98411e+00  7.98411e+00  7.98411e+00  7.98411e+00
  8.01061e+00  8.01061e+00  8.01061e+00  8.01061e+00  8.01061e+00  8.01061e+00  8.01061e+00  8.01061e+00  8.01061e+00  8.01061e+00  8.01061e+00  8.01061e+00  8.01061e+00  8.01061e+00  8.01061e+00  8.01061e+00  8.01061e+00  8.01061e+00  8.01061e+00  8.01061e+00  8.01061e+00  8.01061e+00  8.01061e+00  8.01061e+00  8.01061e+00  8.01061e+00
  8.04539e+00  8.04539e+00  8.04539e+00  8.04539e+00  8.04539e+00  8.04539e+00  8.04539e+00  8.04539e+00  8.04539e+00  8.04539e+00  8.04539e+00  8.04539e+00  8.04539e+00  8.04539e+00  8.04539e+00  8.04539e+00  8.04539e+00  8.04539e+00  8.04539e+00  8.04539e+00  8.04539e+00  8.04539e+00  8.04539e+00  8.04539e+00  8.04539e+00  8.04539e+00
  8.08481e+00  8.08481e+00  8.08481e+00  8.08481e+00  8.08481e+00  8.08481e+00  8.08481e+00  8.08481e+00  8.08481e+00  8.08481e+00  8.08481e+00  8.08481e+00  8.08481e+00  8.08481e+00  8.08481e+00  8.08481e+00  8.08481e+00  8.08481e+00  8.08481e+00  8.08481e+00  8.08481e+00  8.08481e+00  8.08481e+00  8.08481e+00  8.08481e+00  8.08481e+00
  8.12302e+00  8.12302e+00  8.12302e+00  8.12302e+00  8.12302e+00  8.12302e+00  8.12302e+00  8.12302e+00  8.12302e+00  8.12302e+00  8.12302e+00  8.12302e+00  8.12302e+00  8.12302e+00  8.12302e+00  8.12302e+00  8.12302e+00  8.12302e+00  8.12302e+00  8.12302e+00  8.12302e+00  8.12302e+00  8.12302e+00  8.12302e+00  8.12302e+00  8.12302e+00
  8.15374e+00  8.15374e+00  8.15374e+00  8.15374e+00  8.15374e+00  8.15374e+00  8.15374e+00  8.15374e+00  8.15374e+00  8.15374e+00  8.15374e+00  8.15374e+00  8.15374e+00  8.15374e+00  8.15374e+00  8.15374e+00  8.15374e+00  8.15374e+00  8.15374e+00  8.15374e+00  8.15374e+00  8.15374e+00  8.15374e+00  8.15374e+00  8.15374e+00  8.15374e+00
  8.17222e+00  8.17222e+00  8.17222e+00  8.17222e+00  8.17222e+00  8.17222e+00  8.17222e+00  8.17222e+00  8.17222e+00  8.17222e+00  8.17222e+00  8.17222e+00  8.17222e+00  8.17222e+00  8.17222e+00  8.17222e+00  8.17222e+00  8.17222e+00  8.17222e+00  8.17222e+00  8.17222e+00  8.17222e+00  8.17222e+00  8.17222e+00  8.17222e+00  8.17222e+00
  8.17650e+00  8.17650e+00  8.17650e+00  8.17650e+00  8.17650e+00  8.17650e+00  8.17650e+00  8.17650e+00  8.17650e+00  8.17650e+00  8.17650e+00  8.17650e+00  8.17650e+00  8.17650e+00  8.17650e+00  8.17650e+00  8.17650e+00  8.17650e+00  8.17650e+00  8.17650e+00  8.17650e+00  8.17650e+00  8.17650e+00  8.17650e+00  8.17650e+00  8.17650e+00
  8.16769e+00  8.16769e+00  8.16769e+00  8.16769e+00  8.16769e+00  8.16769e+00  8.16769e+00  8.16769e+00  8.16769e+00  8.16769e+00  8.16769e+00  8.16769e+00  8.16769e+00  8.16769e+00  8.16769e+00  8.16769e+00  8.16769e+00  8.16769e+00  8.16769e+00  8.16769e+00  8.16769e+00  8.16769e+00  8.16769e+00  8.16769e+00  8.16769e+00  8.16769e+00
  8.14921e+00  8.14921e+00  8.14921e+00  8.14921e+00  8.14921e+00  8.14921e+00  8.14921e+00  8.14921e+00  8.14921e+00  8.14921e+00  8.14921e+00  8.14921e+00  8.14921e+00  8.14921e+00  8.14921e+00  8.14921e+00  8.14921e+00  8.14921e+00  8.14921e+00  8.14921e+00  8.14921e+00  8.14921e+00  8.14921e+00  8.14921e+00  8.14921e+00  8.14921e+00
  8.12556e+00  8.12556e+00  8.12556e+00  8.12556e+00  8.12556e+00  8.12556e+00  8.12556e+00  8.12556e+00  8.12556e+00  8.12556e+00  8.12556e+00  8.12556e+00  8.12556e+00  8.12556e+00  8.12556e+00  8.12556e+00  8.12556e+00  8.12556e+00  8.12556e+00  8.12556e+00  8.12556e+00  8.12556e+00  8.12556e+00  8.12556e+00  8.12556e+00  8.12556e+00
  8.10102e+00  8.10102e+00  8.10102e+00  8.10102e+00  8.10102e+00  8.10102e+00  8.10102e+00  8.10102e+00  8.10102e+00  8.10102e+00  8.10102e+00  8.10102e+00  8.10102e+00  8.10102e+00  8.10102e+00  8.10102e+00  8.10102e+00  8.10102e+00  8.10102e+00  8.10102e+00  8.10102e+00  8.10102e+00  8.10102e+00  8.10102e+00  8.10102e+00  8.10102e+00
  8.07882e+00  8.07882e+00  8.07882e+00  8.07882e+00  8.07882e+00  8.07882e+00  8.07882e+00  8.07882e+00  8.07882e+00  8.07882e+00  8.07882e+00  8.07882e+00  8.07882e+00  8.07882e+00  8.07882e+00  8.07882e+00  8.07882e+00  8.07882e+00  8.07882e+00  8.07882e+00  8.07882e+00  8.07882e+00  8.07882e+00  8.07882e+00  8.07882e+00  8.07882e+00
  8.06094e+00  8.06094e+00  8.06094e+00  8.06094e+00  8.06094e+00  8.06094e+00  8.06094e+00  8.06094e+00  8.06094e+00  8.06094e+00  8.06094e+00  8.06094e+00  8.06094e+00  8.06094e+00  8.06094e+00  8.06094e+00  8.06094e+00  8.06094e+00  8.06094e+00  8.06094e+00  8.06094e+00  8.06094e+00  8.06094e+00  8.06094e+00  8.06094e+00  8.06094e+00
  8.04827e+00  8.04827e+00  8.04827e+00  8.04827e+00  8.04827e+00  8.04827e+00  8.04827e+00  8.04827e+00  8.04827e+00  8.04827e+00  8.04827e+00  8.04827e+00  8.04827e+00  8.04827e+00  8.04827e+00  8.04827e+00  8.04827e+00  8.04827e+00  8.04827e+00  8.04827e+00  8.04827e+00  8.04827e+00  8.04827e+00  8.04827e+00  8.04827e+00  8.04827e+00
  8.04095e+00  8.04095e+00  8.04095e+00  8.04095e+00  8.04095e+00  8.04095e+00  8.04095e+00  8.04095e+00  8.04095e+00  8.04095e+00  8.04095e+00  8.04095e+00  8.04095e+00  8.04095e+00  8.04095e+00  8.04095e+00  8.04095e+00  8.04095e+00  8.04095e+00  8.04095e+00  8.04095e+00  8.04095e+00  8.04095e+00  8.04095e+00  8.04095e+00  8.04095e+00
  8.03858e+00  8.03858e+00  8.03858e+00  8.03858e+00  8.03858e+00  8.03858e+00  8.03858e+00  8.03858e+00  8.03858e+00  8.03858e+00  8.03858e+00  8.03858e+00  8.03858e+00  8.03858e+00  8.03858e+00  8.03858e+00  8.03858e+00  8.03858e+00  8.03858e+00  8.03858e+00  8.03858e+00  8.03858e+00  8.03858e+00  8.03858e+00  8.03858e+00  8.03858e+00
  8.04035e+00  8.04035e+00  8.04035e+00  8.04035e+00  8.04035e+00  8.04035e+00  8.04035e+00  8.04035e+00  8.04035e+00  8.04035e+00  8.04035e+00  8.04035e+00  8.04035e+00  8.04035e+00  8.04035e+00  8.04035e+00  8.04035e+00  8.04035e+00  8.04035e+00  8.04035e+00  8.04035e+00  8.04035e+00  8.04035e+00  8.04035e+00  8.04035e+00  8.04035e+00
  8.04509e+00  8.04509e+00  8.04509e+00  8.04509e+00  8.04509e+00  8.04509e+00  8.04509e+00  8.04509e+00  8.04509e+00  8.04509e+00  8.04509e+00  8.04509e+00  8.04509e+00  8.04509e+00  8.04509e+00  8.04509e+00  8.04509e+00  8.04509e+00  8.04509e+00  8.04509e+00  8.04509e+00  8.04509e+00  8.04509e+00  8.04509e+00  8.04509e+00  8.04509e+00
  8.05144e+00  8.05144e+00  8.05144e+00  8.05144e+00  8.05144e+00  8.05144e+00  8.05144e+00  8.05144e+00  8.05144e+00  8.05144e+00  8.05144e+00  8.05144e+00  8.05144e+00  8.05144e+00  8.05144e+00  8.05144e+00  8.05144e+00  8.05144e+00  8.05144e+00  8.05144e+00  8.05144e+00  8.05144e+00  8.05144e+00  8.05144e+00  8.05144e+00  8.05144e+00
  8.05808e+00  8.05808e+00  8.05808e+00  8.05808e+00  8.05808e+00  8.05808e+00  8.05808e+00  8.05808e+00  8.05808e+00  8.05808e+00  8.05808e+00  8.05808e+00  8.05808e+00  8.05808e+00  8.05808e+00  8.05808e+00  8.05808e+00  8.05808e+00  8.05808e+00  8.05808e+00  8.05808e+00  8.05808e+00  8.05808e+00  8.05808e+00  8.05808e+00  8.05808e+00
  8.06399e+00  8.06399e+00  8.06399e+00  8.06399e+00  8.06399e+00  8.06399e+00  8.06399e+00  8.06399e+00  8.06399e+00  8.06399e+00  8.06399e+00  8.06399e+00  8.06399e+00  8.06399e+00  8.06399e+00  8.06399e+00  8.06399e+00  8.06399e+00  8.06399e+00  8.06399e+00  8.06399e+00  8.06399e+00  8.06399e+00  8.06399e+00  8.06399e+00  8.06399e+00
  8.06858e+00  8.06858e+00  8.06858e+00  8.06858e+00  8.06858e+00  8.06858e+00  8.06858e+00  8.06858e+00  8.06858e+00  8.06858e+00  8.06858e+00  8.06858e+00  8.06858e+00  8.06858e+00  8.06858e+00  8.06858e+00  8.06858e+00  8.06858e+00  8.06858e+00  8.06858e+00  8.06858e+00  8.06858e+00  8.06858e+00  8.06858e+00  8.06858e+00  8.06858e+00
  8.07174e+00  8.07174e+00  8.07174e+00  8.07174e+00  8.07174e+00  8.07174e+00  8.07174e+00  8.07174e+00  8.07174e+00  8.07174e+00  8.07174e+00  8.07174e+00  8.07174e+00  8.07174e+00  8.07174e+00  8.07174e+00  8.07174e+00  8.07174e+00  8.07174e+00  8.07174e+00  8.07174e+00  8.07174e+00  8.07174e+00  8.07174e+00  8.07174e+00  8.07174e+00
  8.07370e+00  8.07370e+00  8.07370e+00  8.07370e+00  8.07370e+00  8.07370e+00  8.07370e+00  8.07370e+00  8.07370e+00  8.07370e+00  8.07370e+00  8.07370e+00  8.07370e+00  8.07370e+00  8.07370e+00  8.07370e+00  8.07370e+00  8.07370e+00  8.07370e+00  8.07370e+00  8.07370e+00  8.07370e+00  8.07370e+00  8.07370e+00  8.07370e+00  8.07370e+00
  8.07482e+00  8.07482e+00  8.07482e+00  8.07482e+00  8.07482e+00  8.07482e+00  8.07482e+00  8.07482e+00  8.07482e+00  8.07482e+00  8.07482e+00  8.07482e+00  8.07482e+00  8.07482e+00  8.07482e+00  8.07482e+00  8.07482e+00  8.07482e+00  8.07482e+00  8.07482e+00  8.07482e+00  8.07482e+00  8.07482e+00  8.07482e+00  8.07482e+00  8.07482e+00
  8.07547e+00  8.07547e+00  8.07547e+00  8.07547e+00  8.07547e+00  8.07547e+00  8.07547e+00  8.07547e+00  8.07547e+00  8.07547e+00  8.07547e+00  8.07547e+00  8.07547e+00  8.07547e+00  8.07547e+00  8.07547e+00  8.07547e+00  8.07547e+00  8.07547e+00  8.07547e+00  8.07547e+00  8.07547e+00  8.07547e+00  8.07547e+00  8.07547e+00  8.07547e+00
  8.07595e+00  8.07595e+00  8.07595e+00  8.07595e+00  8.07595e+00  8.07595e+00  8.07595e+00  8.07595e+00  8.07595e+00  8.07595e+00  8.07595e+00  8.07595e+00  8.07595e+00  8.07595e+00  8.07595e+00  8.07595e+00  8.07595e+00  8.07595e+00  8.07595e+00  8.07595e+00  8.07595e+00  8.07595e+00  8.07595e+00  8.07595e+00  8.07595e+00  8.07595e+00
  8.07648e+00  8.07648e+00  8.07648e+00  8.07648e+00  8.07648e+00  8.07648e+00  8.07648e+00  8.07648e+00  8.07648e+00  8.07648e+00  8.07648e+00  8.07648e+00  8.07648e+00  8.07648e+00  8.07648e+00  8.07648e+00  8.07648e+00  8.07648e+00  8.07648e+00  8.07648e+00  8.07648e+00  8.07648e+00  8.07648e+00  8.07648e+00  8.07648e+00  8.07648e+00
  8.07729e+00  8.07729e+00  8.07729e+00  8.07729e+00  8.07729e+00  8.07729e+00  8.07729e+00  8.07729e+00  8.07729e+00  8.07729e+00  8.07729e+00  8.07729e+00  8.07729e+00  8.07729e+00  8.07729e+00  8.07729e+00  8.07729e+00  8.07729e+00  8.07729e+00  8.07729e+00  8.07729e+00  8.07729e+00  8.07729e+00  8.07729e+00  8.07729e+00  8.07729e+00
  8.07862e+00  8.07862e+00  8.07862e+00  8.07862e+00  8.07862e+00  8.07862e+00  8.07862e+00  8.07862e+00  8.07862e+00  8.07862e+00  8.07862e+00  8.07862e+00  8.07862e+00  8.07862e+00  8.07862e+00  8.07862e+00  8.07862e+00  8.07862e+00  8.07862e+00  8.07862e+00  8.07862e+00  8.07862e+00  8.07862e+00  8.07862e+00  8.07862e+00  8.07862e+00
  8.08076e+00  8.08076e+00  8.08076e+00  8.08076e+00  8.08076e+00  8.08076e+00  8.08076e+00  8.08076e+00  8.08076e+00  8.08076e+00  8.08076e+00  8.08076e+00  8.08076e+00  8.08076e+00  8.08076e+00  8.08076e+00  8.08076e+00  8.08076e+00  8.08076e+00  8.08076e+00  8.08076e+00  8.08076e+00  8.08076e+00  8.08076e+00  8.08076e+00  8.08076e+00
  8.08403e+00  8.08403e+00  8.08403e+00  8.08403e+00  8.08403e+00  8.08403e+00  8.08403e+00  8.08403e+00  8.08403e+00  8.08403e+00  8.08403e+00  8.08403e+00  8.08403e+00  8.08403e+00  8.08403e+00  8.08403e+00  8.08403e+00  8.08403e+00  8.08403e+00  8.08403e+00  8.08403e+00  8.08403e+00  8.08403e+00  8.08403e+00  8.08403e+00  8.08403e+00
  8.08864e+00  8.08864e+00  8.08864e+00  8.08864e+00  8.08864e+00  8.08864e+00  8.08864e+00  8.08864e+00  8.08864e+00  8.08864e+00  8.08864e+00  8.08864e+00  8.08864e+00  8.08864e+00  8.08864e+00  8.08864e+00  8.08864e+00  8.08864e+00  8.08864e+00  8.08864e+00  8.08864e+00  8.08864e+00  8.08864e+00  8.08864e+00  8.08864e+00  8.08864e+00
  8.09471e+00  8.09471e+00  8.09470e+00  8.09470e+00  8.09470e+00  8.09469e+00  8.09469e+00  8.09469e+00  8.09469e+00  8.09469e+00  8.09469e+00  8.09469e+00  8.09469e+00  8.09469e+00  8.09469e+00  8.09469e+00  8.09469e+00  8.09469e+00  8.09469e+00  8.09469e+00  8.09469e+00  8.09469e+00  8.09469e+00  8.09469e+00  8.09469e+00  8.09469e+00
  8.10238e+00  8.10233e+00  8.10228e+00  8.10224e+00  8.10221e+00  8.10219e+00  8.10217e+00  8.10216e+00  8.10214e+00  8.10213e+00  8.10213e+00  8.10212e+00  8.10212e+00  8.10211e+00  8.10211e+00  8.10211e+00  8.10211e+00  8.10210e+00  8.10210e+00  8.10210e+00  8.10210e+00  8.10210e+00  8.10210e+00  8.10210e+00  8.10210e+00  8.10210e+00
  8.11295e+00  8.11248e+00  8.11211e+00  8.11181e+00  8.11157e+00  8.11138e+00  8.11124e+00  8.11112e+00  8.11102e+00  8.11095e+00  8.11089e+00  8.11084e+00  8.11080e+00  8.11077e+00  8.11075e+00  8.11073e+00  8.11071e+00  8.11070e+00  8.11069e+00  8.11069e+00  8.11068e+00  8.11068e+00  8.11067e+00  8.11067e+00  8.11067e+00  8.11066e+00
  8.13429e+00  8.13140e+00  8.12909e+00  8.12725e+00  8.12578e+00  8.12461e+00  8.12368e+00  8.12294e+00  8.12235e+00  8.12188e+00  8.12151e+00  8.12121e+00  8.12098e+00  8.12079e+00  8.12064e+00  8.12052e+00  8.12043e+00  8.12035e+00  8.12029e+00  8.12025e+00  8.12021e+00  8.12018e+00  8.12016e+00  8.12014e+00  8.12012e+00  8.12011e+00
  8.19727e+00  8.18427e+00  8.17366e+00  8.16504e+00  8.15807e+00  8.15245e+00  8.14793e+00  8.14431e+00  8.14141e+00  8.13910e+00  8.13725e+00  8.13577e+00  8.13460e+00  8.13366e+00  8.13292e+00  8.13233e+00  8.13186e+00  8.13148e+00  8.13119e+00  8.13095e+00  8.13076e+00  8.13061e+00  8.13049e+00  8.13040e+00  8.13032e+00  8.13026e+00
  8.36844e+00  8.33037e+00  8.29754e+00  8.26956e+00  8.24596e+00  8.22624e+00  8.20992e+00  8.19650e+00  8.18553e+00  8.17662e+00  8.16941e+00  8.16359e+00  8.15891e+00  8.15516e+00  8.15216e+00  8.14976e+00  8.14784e+00  8.14631e+00  8.14509e+00  8.14412e+00  8.14335e+00  8.14274e+00  8.14225e+00  8.14186e+00  8.14155e+00  8.14131e+00
  8.67929e+00  8.61194e+00  8.54957e+00  8.49256e+00  8.44114e+00  8.39539e+00  8.35521e+00  8.32038e+00  8.29056e+00  8.26531e+00  8.24413e+00  8.22654e+00  8.21204e+00  8.20016e+00  8.19049e+00  8.18265e+00  8.17632e+00  8.17122e+00  8.16713e+00  8.16385e+00  8.16123e+00  8.15914e+00  8.15747e+00  8.15613e+00  8.15507e+00  8.15423e+00
  9.05021e+00  8.96974e+00  8.89036e+00  8.81319e+00  8.73913e+00  8.66895e+00  8.60328e+00  8.54264e+00  8.48738e+00  8.43772e+00  8.39368e+00  8.35515e+00  8.32187e+00  8.29347e+00  8.26948e+00  8.24943e+00  8.23281e+00  8.21913e+00  8.20795e+00  8.19885e+00  8.19149e+00  8.18555e+00  8.18077e+00  8.17694e+00  8.17387e+00  8.17142e+00
  9.31993e+00  9.26898e+00  9.20581e+00  9.13477e+00  9.05924e+00  8.98177e+00  8.90426e+00  8.82819e+00  8.75470e+00  8.68474e+00  8.61905e+00  8.55822e+00  8.50266e+00  8.45263e+00  8.40819e+00  8.36925e+00  8.33556e+00  8.30677e+00  8.28244e+00  8.26208e+00  8.24519e+00  8.23128e+00  8.21990e+00  8.21064e+00  8.20314e+00  8.19709e+00
  9.16525e+00  9.23068e+00  9.26647e+00  9.27292e+00  9.25354e+00  9.21362e+00  9.15871e+00  9.09380e+00  9.02288e+00  8.94904e+00  8.87459e+00  8.80127e+00  8.73043e+00  8.66310e+00  8.60010e+00  8.54201e+00  8.48922e+00  8.44194e+00  8.40018e+00  8.36379e+00  8.33249e+00  8.30587e+00  8.28347e+00  8.26480e+00  8.24937e+00  8.23671e+00
  8.63979e+00  8.75361e+00  8.86933e+00  8.97756e+00  9.06907e+00  9.13635e+00  9.17512e+00  9.18502e+00  9.16910e+00  9.13243e+00  9.08061e+00  9.01873e+00  8.95093e+00  8.88043e+00  8.80964e+00  8.74038e+00  8.67401e+00  8.61155e+00  8.55372e+00  8.50103e+00  8.45373e+00  8.41188e+00  8.37537e+00  8.34392e+00  8.31716e+00  8.29463e+00
  8.31652e+00  8.36576e+00  8.43167e+00  8.51480e+00  8.61274e+00  8.71985e+00  8.82785e+00  8.92720e+00  9.00877e+00  9.06561e+00  9.09439e+00  9.09573e+00  9.07339e+00  9.03270e+00  8.97914e+00  8.91754e+00  8.85176e+00  8.78472e+00  8.71863e+00  8.65510e+00  8.59530e+00  8.54003e+00  8.48981e+00  8.44490e+00  8.40533e+00  8.37095e+00
