6.703162921022814771e+03
6.626193043904301703e+03
6.548109261314924879e+03
6.468944107062508920e+03
6.388732585069554261e+03
6.307512141889177656e+03
6.225322628161136890e+03
6.142206248828146272e+03
6.058207502013699923e+03
5.973373106548246142e+03
5.887751918219964864e+03
5.801394834918633933e+03
5.714354690935039798e+03
5.626686140772977524e+03
5.538445532924873987e+03
5.449690774154284554e+03
5.360481184917613064e+03
5.270877346642232624e+03
5.180940941657479925e+03
5.090734586647569813e+03
5.000321660560362943e+03
4.909766127961976963e+03
4.819132358873703197e+03
4.728484946163869608e+03
4.637888521592520192e+03
4.547407571620733506e+03
4.457106254098865975e+03
4.367048216938861515e+03
4.277296419855281783e+03
4.187912960228086376e+03
4.098958904097980849e+03
4.010494123253055477e+03
3.922577139304146385e+03
3.835264975576917550e+03
3.748613017572041826e+03
3.662674882662246091e+03
3.577502299607520399e+03
3.493144998378735636e+03
3.409650610686545406e+03
3.327064581517936404e+03
3.245430091888430979e+03
3.164787992924843365e+03
3.099369999999999891e+03
3.048635000000000218e+03
2.997845000000000255e+03
2.947039999999999964e+03
2.896255000000000109e+03
2.845534999999999854e+03
2.794659999999999854e+03
2.743349999999999909e+03
2.691559999999999945e+03
2.639264999999999873e+03
2.586454999999999927e+03
2.533135000000000218e+03
2.479319999999999709e+03
2.424974999999999909e+03
2.370024999999999636e+03
2.314389999999999873e+03
2.258045000000000073e+03
2.201359999999999673e+03
2.144640000000000327e+03
2.087789999999999964e+03
2.033910000000000082e+03
1.986755000000000109e+03
1.944820000000000164e+03
1.904740000000000009e+03
1.865650000000000091e+03
1.828434999999999945e+03
1.793815000000000055e+03
1.763570000000000164e+03
1.738744999999999891e+03
1.716110000000000127e+03
1.692474999999999909e+03
1.667404999999999973e+03
1.641190000000000055e+03
1.615295000000000073e+03
1.592950000000000045e+03
1.575039999999999964e+03
1.557825000000000045e+03
1.538730000000000018e+03
1.519764999999999873e+03
1.503424999999999955e+03
1.488990000000000009e+03
1.474055000000000064e+03
1.456815000000000055e+03
1.436980000000000018e+03
1.414404999999999973e+03
1.388849999999999909e+03
1.361269999999999982e+03
1.333545000000000073e+03
1.307625000000000000e+03
1.284360000000000127e+03
1.263720000000000027e+03
1.245384999999999991e+03
1.228909999999999854e+03
1.213869999999999891e+03
1.199950000000000045e+03
1.186914999999999964e+03
1.174490000000000009e+03
1.162460000000000036e+03
1.150730000000000018e+03
1.139235000000000127e+03
1.127920000000000073e+03
1.116720000000000027e+03
1.105610000000000127e+03
1.094605000000000018e+03
1.083710000000000036e+03
1.072889999999999873e+03
1.062119999999999891e+03
1.051404999999999973e+03
1.040740000000000009e+03
1.030119999999999891e+03
1.019549999999999955e+03
1.009034999999999968e+03
9.991349999999999909e+02
9.909100000000000819e+02
9.840750000000000455e+02
9.779049999999999727e+02
9.723600000000000136e+02
9.672950000000000728e+02
9.625950000000000273e+02
9.581700000000000728e+02
9.537899999999999636e+02
9.485699999999999363e+02
9.417699999999999818e+02
9.337850000000000819e+02
9.249100000000000819e+02
9.147000000000000455e+02
9.041800000000000637e+02
8.961349999999999909e+02
8.909349999999999454e+02
8.867400000000000091e+02
