6.741365471558321588e+03
6.664960370487307955e+03
6.587425717321295451e+03
6.508792805308554307e+03
6.429095408816462623e+03
6.348369761322644990e+03
6.266654522455710321e+03
6.183990733866563460e+03
6.100421763789729994e+03
6.015993240237670761e+03
5.930752972858822432e+03
5.844750863581108206e+03
5.758038806256158750e+03
5.670670575613920846e+03
5.582701705932033292e+03
5.494189359917713773e+03
5.405192188390855335e+03
5.315770181444369882e+03
5.225984511840095365e+03
5.135897371474864485e+03
5.045571801820274231e+03
4.955071519300451655e+03
4.864460736623503180e+03
4.773803981123903213e+03
4.683165911203835094e+03
4.592611131981204380e+03
4.502204011260263542e+03
4.412008496937469317e+03
4.322087936940253712e+03
4.232504902770309855e+03
4.143321017685862898e+03
4.054596790510099254e+03
3.966391455996011700e+03
3.878762822612281070e+03
3.791767128541554030e+03
3.705458906602529169e+03
3.619890858721963014e+03
3.535113740493078240e+03
3.451176256264393032e+03
3.368124965108697779e+03
3.286004197927175028e+03
3.204855985849686931e+03
3.124719999999999800e+03
3.074019999999999982e+03
3.023250000000000000e+03
2.972440000000000055e+03
2.921639999999999873e+03
2.870869999999999891e+03
2.820199999999999818e+03
2.769119999999999891e+03
2.717579999999999927e+03
2.665539999999999964e+03
2.612989999999999782e+03
2.559920000000000073e+03
2.506349999999999909e+03
2.452289999999999964e+03
2.397659999999999854e+03
2.342389999999999873e+03
2.286389999999999873e+03
2.229699999999999818e+03
2.173019999999999982e+03
2.116260000000000218e+03
2.059320000000000164e+03
2.008500000000000000e+03
1.965009999999999991e+03
1.924630000000000109e+03
1.884849999999999909e+03
1.846450000000000045e+03
1.810420000000000073e+03
1.777210000000000036e+03
1.749930000000000064e+03
1.727559999999999945e+03
1.704660000000000082e+03
1.680289999999999964e+03
1.654519999999999982e+03
1.627859999999999900e+03
1.602730000000000018e+03
1.583170000000000073e+03
1.566910000000000082e+03
1.548740000000000009e+03
1.528720000000000027e+03
1.510809999999999945e+03
1.496039999999999964e+03
1.481940000000000055e+03
1.466170000000000073e+03
1.447460000000000036e+03
1.426500000000000000e+03
1.402309999999999945e+03
1.375390000000000100e+03
1.347150000000000091e+03
1.319940000000000055e+03
1.295309999999999945e+03
1.273410000000000082e+03
1.254029999999999973e+03
1.236740000000000009e+03
1.221079999999999927e+03
1.206660000000000082e+03
1.193240000000000009e+03
1.180589999999999918e+03
1.168390000000000100e+03
1.156529999999999973e+03
1.144930000000000064e+03
1.133539999999999964e+03
1.122299999999999955e+03
1.111140000000000100e+03
1.100079999999999927e+03
1.089130000000000109e+03
1.078289999999999964e+03
1.067490000000000009e+03
1.056750000000000000e+03
1.046059999999999945e+03
1.035420000000000073e+03
1.024819999999999936e+03
1.014279999999999973e+03
1.003789999999999964e+03
9.944800000000000182e+02
9.873400000000000318e+02
9.808099999999999454e+02
9.750000000000000000e+02
9.697200000000000273e+02
9.648700000000000045e+02
9.603200000000000500e+02
9.560199999999999818e+02
9.515599999999999454e+02
9.455800000000000409e+02
9.379600000000000364e+02
9.296100000000000136e+02
9.202100000000000364e+02
9.091900000000000546e+02
8.991699999999999591e+02
8.931000000000000227e+02
8.887699999999999818e+02
8.847100000000000364e+02
